              precision    recall  f1-score   support

           0       0.39      0.38      0.39        55
           1       0.74      0.75      0.75        65
           2       0.52      0.50      0.51        66
           3       0.48      0.84      0.61        68
           4       0.52      0.37      0.43        62
           5       0.94      0.94      0.94        64
           6       0.93      0.88      0.90        65
           7       0.71      0.69      0.70        64
           8       0.68      0.78      0.73        63
           9       0.82      0.85      0.84        66
          10       0.68      0.78      0.73        64
          11       0.72      0.66      0.69        64
          12       1.00      0.94      0.97        64
          13       0.59      0.30      0.40        66
          14       0.84      0.81      0.83        64

    accuracy                           0.70       960
   macro avg       0.70      0.70      0.69       960
weighted avg       0.71      0.70      0.70       960
