              precision    recall  f1-score   support

           0       0.52      0.71      0.60        55
           1       0.81      0.83      0.82        65
           2       0.66      0.73      0.69        66
           3       0.77      0.88      0.82        68
           4       0.74      0.56      0.64        62
           5       0.95      0.89      0.92        64
           6       0.94      0.89      0.91        65
           7       0.82      0.84      0.83        64
           8       0.88      0.81      0.84        63
           9       0.92      0.85      0.88        66
          10       0.75      0.86      0.80        64
          11       0.75      0.83      0.79        64
          12       0.93      0.98      0.95        64
          13       0.90      0.68      0.78        66
          14       0.86      0.69      0.77        64

    accuracy                           0.80       960
   macro avg       0.81      0.80      0.80       960
weighted avg       0.82      0.80      0.81       960
