              precision    recall  f1-score   support

           0       0.35      0.30      0.32        80
           1       0.72      0.74      0.73        80
           2       0.41      0.40      0.40        80
           3       0.40      0.74      0.52        80
           4       0.50      0.31      0.38        80
           5       0.88      0.93      0.90        80
           6       0.92      0.90      0.91        80
           7       0.69      0.66      0.68        80
           8       0.61      0.74      0.67        80
           9       0.80      0.79      0.79        80
          10       0.60      0.71      0.65        80
          11       0.71      0.61      0.66        80
          12       1.00      0.93      0.96        80
          13       0.46      0.23      0.30        80
          14       0.84      0.82      0.83        80

    accuracy                           0.65      1200
   macro avg       0.66      0.65      0.65      1200
weighted avg       0.66      0.65      0.65      1200
