              precision    recall  f1-score   support

           0       0.44      0.50      0.47        80
           1       0.76      0.74      0.75        80
           2       0.55      0.61      0.58        80
           3       0.69      0.82      0.75        80
           4       0.67      0.45      0.54        80
           5       0.94      0.91      0.92        80
           6       0.87      0.89      0.88        80
           7       0.73      0.75      0.74        80
           8       0.83      0.75      0.79        80
           9       0.87      0.86      0.87        80
          10       0.69      0.84      0.76        80
          11       0.69      0.79      0.74        80
          12       0.90      0.99      0.94        80
          13       0.75      0.59      0.66        80
          14       0.84      0.64      0.72        80

    accuracy                           0.74      1200
   macro avg       0.75      0.74      0.74      1200
weighted avg       0.75      0.74      0.74      1200
