              precision    recall  f1-score   support

           0       0.12      0.14      0.13        14
           1       0.55      0.35      0.43        17
           2       0.25      0.25      0.25        16
           3       0.65      0.65      0.65        17
           4       0.29      0.13      0.18        15
           5       0.89      1.00      0.94        16
           6       0.65      0.81      0.72        16
           7       0.44      0.44      0.44        16
           8       0.64      0.56      0.60        16
           9       0.83      0.94      0.88        16
          10       0.50      0.75      0.60        16
          11       0.55      0.69      0.61        16
          12       0.80      1.00      0.89        16
          13       0.31      0.24      0.27        17
          14       0.70      0.44      0.54        16

    accuracy                           0.56       240
   macro avg       0.54      0.56      0.54       240
weighted avg       0.55      0.56      0.55       240
