              precision    recall  f1-score   support

           0       0.20      0.21      0.21        14
           1       0.62      0.59      0.61        17
           2       0.13      0.12      0.13        16
           3       0.26      0.47      0.33        17
           4       0.50      0.20      0.29        15
           5       0.70      0.88      0.78        16
           6       0.88      0.94      0.91        16
           7       0.60      0.56      0.58        16
           8       0.40      0.62      0.49        16
           9       0.73      0.50      0.59        16
          10       0.32      0.44      0.37        16
          11       0.64      0.44      0.52        16
          12       1.00      0.88      0.93        16
          13       0.20      0.06      0.09        17
          14       0.82      0.88      0.85        16

    accuracy                           0.52       240
   macro avg       0.53      0.52      0.51       240
weighted avg       0.53      0.52      0.51       240
