              precision    recall  f1-score   support

           0       0.15      0.14      0.15        79
           1       0.72      0.51      0.59        87
           2       0.22      0.22      0.22        94
           3       0.24      0.53      0.33        62
           4       0.40      0.30      0.34        99
           5       0.82      0.84      0.83        70
           6       0.90      0.87      0.88        69
           7       0.53      0.57      0.55        86
           8       0.51      0.61      0.56        80
           9       0.59      0.59      0.59        75
          10       0.51      0.51      0.51        87
          11       0.48      0.47      0.47        75
          12       0.97      0.86      0.91        84
          13       0.29      0.22      0.25        74
          14       0.80      0.72      0.76        79

    accuracy                           0.52      1200
   macro avg       0.54      0.53      0.53      1200
weighted avg       0.54      0.52      0.52      1200
