              precision    recall  f1-score   support

           0       0.18      0.25      0.21        79
           1       0.44      0.48      0.46        87
           2       0.24      0.26      0.25        94
           3       0.42      0.53      0.47        62
           4       0.39      0.25      0.31        99
           5       0.89      0.89      0.89        70
           6       0.69      0.84      0.76        69
           7       0.63      0.50      0.56        86
           8       0.48      0.38      0.42        80
           9       0.78      0.72      0.75        75
          10       0.52      0.53      0.53        87
          11       0.43      0.51      0.47        75
          12       0.90      0.98      0.94        84
          13       0.32      0.31      0.32        74
          14       0.62      0.44      0.52        79

    accuracy                           0.51      1200
   macro avg       0.53      0.52      0.52      1200
weighted avg       0.52      0.51      0.51      1200
