              precision    recall  f1-score   support

           0       0.41      0.49      0.45        35
           1       0.59      0.67      0.63        66
           2       0.54      0.49      0.52        65
           3       0.68      0.39      0.50        66
           4       0.55      0.38      0.45        72
           5       0.94      0.91      0.92        64
           6       0.89      0.89      0.89        64
           7       0.60      0.89      0.72        70
           8       0.62      0.71      0.66        68
           9       0.49      0.77      0.60        64
          10       0.82      0.70      0.75        66
          11       0.82      0.71      0.76        63
          12       0.98      0.91      0.94        64
          13       0.38      0.35      0.36        69
          14       0.92      0.88      0.90        64

    accuracy                           0.68       960
   macro avg       0.68      0.67      0.67       960
weighted avg       0.69      0.68      0.67       960
