              precision    recall  f1-score   support

           0       0.41      0.37      0.39        35
           1       0.73      0.86      0.79        66
           2       0.56      0.60      0.58        65
           3       0.56      0.70      0.62        66
           4       0.69      0.74      0.71        72
           5       0.92      0.86      0.89        64
           6       0.89      0.91      0.90        64
           7       0.74      0.70      0.72        70
           8       0.71      0.71      0.71        68
           9       0.72      0.83      0.77        64
          10       0.86      0.73      0.79        66
          11       0.75      0.70      0.72        63
          12       0.95      0.94      0.94        64
          13       0.72      0.48      0.57        69
          14       0.95      0.95      0.95        64

    accuracy                           0.75       960
   macro avg       0.74      0.74      0.74       960
weighted avg       0.75      0.75      0.75       960
