              precision    recall  f1-score   support

           0       0.27      0.21      0.24        80
           1       0.56      0.64      0.60        80
           2       0.39      0.39      0.39        80
           3       0.66      0.36      0.47        80
           4       0.47      0.34      0.39        80
           5       0.95      0.89      0.92        80
           6       0.83      0.88      0.85        80
           7       0.55      0.86      0.67        80
           8       0.56      0.65      0.60        80
           9       0.48      0.75      0.59        80
          10       0.81      0.70      0.75        80
          11       0.80      0.66      0.73        80
          12       0.99      0.90      0.94        80
          13       0.34      0.34      0.34        80
          14       0.92      0.88      0.90        80

    accuracy                           0.63      1200
   macro avg       0.64      0.63      0.62      1200
weighted avg       0.64      0.63      0.62      1200
