              precision    recall  f1-score   support

           0       0.32      0.17      0.23        80
           1       0.72      0.90      0.80        80
           2       0.47      0.54      0.50        80
           3       0.49      0.62      0.55        80
           4       0.54      0.65      0.59        80
           5       0.91      0.84      0.87        80
           6       0.88      0.84      0.86        80
           7       0.70      0.65      0.68        80
           8       0.64      0.68      0.66        80
           9       0.71      0.79      0.75        80
          10       0.80      0.71      0.75        80
          11       0.68      0.65      0.66        80
          12       0.95      0.90      0.92        80
          13       0.52      0.40      0.45        80
          14       0.89      0.91      0.90        80

    accuracy                           0.68      1200
   macro avg       0.68      0.68      0.68      1200
weighted avg       0.68      0.68      0.68      1200
