              precision    recall  f1-score   support

           0       0.17      0.22      0.19         9
           1       0.73      0.94      0.82        17
           2       0.32      0.44      0.37        16
           3       0.33      0.44      0.38        16
           4       0.42      0.44      0.43        18
           5       0.86      0.75      0.80        16
           6       0.82      0.56      0.67        16
           7       0.50      0.24      0.32        17
           8       0.50      0.47      0.48        17
           9       0.67      0.62      0.65        16
          10       0.67      0.59      0.62        17
          11       0.50      0.56      0.53        16
          12       0.92      0.75      0.83        16
          13       0.38      0.35      0.36        17
          14       0.67      0.75      0.71        16

    accuracy                           0.55       240
   macro avg       0.56      0.54      0.54       240
weighted avg       0.57      0.55      0.55       240
