              precision    recall  f1-score   support

           0       0.05      0.11      0.06         9
           1       0.53      0.53      0.53        17
           2       0.14      0.19      0.16        16
           3       0.50      0.19      0.27        16
           4       0.38      0.17      0.23        18
           5       1.00      0.81      0.90        16
           6       0.65      0.81      0.72        16
           7       0.43      0.59      0.50        17
           8       0.38      0.35      0.36        17
           9       0.44      0.69      0.54        16
          10       0.85      0.65      0.73        17
          11       0.82      0.56      0.67        16
          12       1.00      0.88      0.93        16
          13       0.19      0.18      0.18        17
          14       0.93      0.88      0.90        16

    accuracy                           0.51       240
   macro avg       0.55      0.50      0.51       240
weighted avg       0.56      0.51      0.52       240
