              precision    recall  f1-score   support

           0       0.16      0.10      0.12        79
           1       0.60      0.66      0.63        87
           2       0.27      0.31      0.29        94
           3       0.31      0.52      0.39        62
           4       0.42      0.43      0.43        99
           5       0.65      0.71      0.68        70
           6       0.75      0.77      0.76        69
           7       0.51      0.43      0.47        86
           8       0.42      0.40      0.41        80
           9       0.50      0.64      0.56        75
          10       0.69      0.52      0.59        87
          11       0.42      0.44      0.43        75
          12       0.89      0.75      0.81        84
          13       0.26      0.19      0.22        74
          14       0.69      0.70      0.69        79

    accuracy                           0.50      1200
   macro avg       0.50      0.50      0.50      1200
weighted avg       0.50      0.50      0.50      1200
