              precision    recall  f1-score   support

           0       0.06      0.05      0.06        79
           1       0.38      0.40      0.39        87
           2       0.26      0.33      0.29        94
           3       0.49      0.29      0.36        62
           4       0.46      0.24      0.32        99
           5       0.76      0.84      0.80        70
           6       0.65      0.74      0.69        69
           7       0.47      0.66      0.55        86
           8       0.52      0.55      0.54        80
           9       0.38      0.60      0.46        75
          10       0.69      0.51      0.58        87
          11       0.51      0.48      0.49        75
          12       0.97      0.83      0.90        84
          13       0.13      0.14      0.13        74
          14       0.82      0.75      0.78        79

    accuracy                           0.49      1200
   macro avg       0.50      0.49      0.49      1200
weighted avg       0.50      0.49      0.49      1200
