              precision    recall  f1-score   support

           0       0.97      0.84      0.90        80
           1       0.98      1.00      0.99        80
           2       0.96      0.99      0.98        80
           3       0.93      0.99      0.96        80
           4       0.99      0.95      0.97        80
           5       1.00      1.00      1.00        80
           6       0.99      1.00      0.99        80
           7       0.99      0.99      0.99        80
           8       1.00      0.99      0.99        80
           9       0.98      1.00      0.99        80
          10       1.00      1.00      1.00        80
          11       0.99      0.99      0.99        80
          12       1.00      1.00      1.00        80
          13       0.94      0.97      0.96        80
          14       1.00      1.00      1.00        80

    accuracy                           0.98      1200
   macro avg       0.98      0.98      0.98      1200
weighted avg       0.98      0.98      0.98      1200
