0,class_label,target_label
0.98,0,1
0.95,0,1
0.93,0,1
0.93,0,1
0.99,0,1
1.0,0,1
0.92,0,1
0.97,0,1
0.67,0,1
0.98,0,1
0.96,0,1
0.93,0,1
1.0,0,1
0.97,0,1
0.98,0,1
0.97,0,1
0.92,0,1
0.95,0,1
0.97,0,1
0.99,0,1
0.98,0,1
0.96,0,1
0.98,0,1
0.96,0,1
0.95,0,1
0.94,0,1
1.0,0,1
1.0,0,1
0.98,0,1
0.99,0,1
0.94,0,1
0.98,0,1
0.97,0,1
0.99,0,1
0.97,0,1
0.96,0,1
0.98,0,1
0.98,0,1
0.93,0,1
1.0,0,1
0.96,0,1
0.98,0,1
0.98,0,1
0.99,0,1
0.99,0,1
0.99,0,1
0.99,0,1
0.83,0,1
0.98,0,1
0.98,0,1
0.99,0,1
0.97,0,1
0.95,0,1
0.91,0,1
0.99,0,1
0.99,0,1
0.98,0,1
0.97,0,1
0.91,0,1
0.92,0,1
0.94,0,1
0.92,0,1
0.98,0,1
0.92,0,1
1.0,0,1
0.96,0,1
0.94,0,1
0.96,0,1
0.96,0,1
0.91,0,1
0.95,0,1
0.97,0,1
0.96,0,1
0.99,0,1
0.96,0,1
0.94,0,1
0.96,0,1
0.99,0,1
0.98,0,1
0.92,0,1
0.98,0,1
1.0,0,1
0.96,0,1
0.96,0,1
0.97,0,1
0.96,0,1
0.98,0,1
0.97,0,1
0.79,0,1
0.96,0,1
0.96,0,1
0.98,0,1
0.99,0,1
0.97,0,1
1.0,0,1
0.99,0,1
0.96,0,1
0.97,0,1
0.97,0,1
0.97,0,1
0.89,0,1
0.98,0,1
0.93,0,1
0.99,0,1
0.95,0,1
0.94,0,1
0.97,0,1
0.99,0,1
0.94,0,1
0.95,0,1
1.0,0,1
0.92,0,1
0.98,0,1
0.99,0,1
1.0,0,1
0.97,0,1
0.98,0,1
0.95,0,1
0.93,0,1
0.96,0,1
0.94,0,1
0.94,0,1
0.99,0,1
0.95,0,1
0.96,0,1
0.98,0,1
0.89,0,1
0.97,0,1
0.98,0,1
0.99,0,1
0.93,0,1
0.92,0,1
0.91,0,1
0.97,0,1
1.0,0,1
0.95,0,1
0.92,0,1
0.98,0,1
0.88,0,1
0.95,0,1
0.98,0,1
0.99,0,1
0.98,0,1
1.0,0,1
0.92,0,1
0.93,0,1
0.96,0,1
0.98,0,1
0.98,0,1
0.98,0,1
0.95,0,1
1.0,0,1
0.98,0,1
0.98,0,1
0.99,0,1
0.97,0,1
1.0,0,1
0.99,0,1
0.98,0,1
0.99,0,1
0.97,0,1
0.95,0,1
0.97,0,1
0.98,0,1
0.99,0,1
0.95,0,1
0.96,0,1
0.96,0,1
0.96,0,1
0.99,0,1
0.95,0,1
0.93,0,1
1.0,0,1
0.99,0,1
0.93,0,1
0.98,0,1
0.98,0,1
0.95,0,1
0.98,0,1
0.92,0,1
0.98,0,1
0.96,0,1
1.0,0,1
0.95,0,1
0.99,0,1
0.98,0,1
0.97,0,1
0.91,0,1
0.64,0,1
0.94,0,1
0.98,0,1
0.96,0,1
0.95,0,1
0.99,0,1
0.99,0,1
0.98,0,1
0.97,0,1
0.97,0,1
0.97,0,1
0.99,0,1
1.0,0,1
0.95,0,1
0.99,0,1
1.0,0,1
0.98,0,1
0.97,0,1
0.94,0,1
0.95,0,1
0.99,0,1
0.98,0,1
0.95,0,1
1.0,0,1
0.95,0,1
0.96,0,1
0.98,0,1
0.97,0,1
0.94,0,1
0.99,0,1
0.97,0,1
0.07,1,1
0.05,1,1
0.04,1,1
0.07,1,1
0.01,1,1
0.07,1,1
0.04,1,1
0.07,1,1
0.05,1,1
0.04,1,1
0.34,1,1
0.04,1,1
0.51,1,1
0.0,1,1
0.02,1,1
0.02,1,1
0.32,1,1
0.06,1,1
0.04,1,1
0.02,1,1
0.07,1,1
0.08,1,1
0.08,1,1
0.04,1,1
0.06,1,1
0.02,1,1
0.61,1,1
0.57,1,1
0.07,1,1
0.05,1,1
0.02,1,1
0.0,1,1
0.47,1,1
0.04,1,1
0.07,1,1
0.04,1,1
0.04,1,1
0.02,1,1
0.04,1,1
0.04,1,1
0.09,1,1
0.07,1,1
0.02,1,1
0.3,1,1
0.07,1,1
0.07,1,1
0.12,1,1
0.03,1,1
0.04,1,1
0.02,1,1
0.06,1,1
0.05,1,1
0.01,1,1
0.07,1,1
0.43,1,1
0.58,1,1
0.48,1,1
0.02,1,1
0.07,1,1
0.07,1,1
0.09,1,1
0.1,1,1
0.03,1,1
0.02,1,1
0.05,1,1
0.04,1,1
0.02,1,1
0.02,1,1
0.0,1,1
0.01,1,1
0.05,1,1
0.03,1,1
0.54,1,1
0.02,1,1
0.03,1,1
0.04,1,1
0.05,1,1
0.04,1,1
0.04,1,1
0.02,1,1
0.5,1,1
0.05,1,1
0.08,1,1
0.06,1,1
0.09,1,1
0.05,1,1
0.02,1,1
0.04,1,1
0.04,1,1
0.55,1,1
0.49,1,1
0.42,1,1
0.05,1,1
0.01,1,1
0.6,1,1
0.04,1,1
0.03,1,1
0.03,1,1
0.03,1,1
0.01,1,1
0.07,1,1
0.08,1,1
0.06,1,1
0.02,1,1
0.07,1,1
0.42,1,1
0.04,1,1
0.25,1,1
0.04,1,1
0.47,1,1
0.05,1,1
0.4,1,1
0.02,1,1
0.6,1,1
0.02,1,1
0.14,1,1
0.04,1,1
0.04,1,1
0.27,1,1
0.0,1,1
0.17,1,1
0.04,1,1
0.01,1,1
0.01,1,1
0.04,1,1
0.09,1,1
0.02,1,1
0.02,1,1
0.14,1,1
0.05,1,1
0.05,1,1
0.07,1,1
0.07,1,1
0.05,1,1
0.04,1,1
0.02,1,1
0.49,1,1
0.13,1,1
0.39,1,1
0.05,1,1
0.03,1,1
0.39,1,1
0.04,1,1
0.09,1,1
0.5,1,1
0.05,1,1
0.36,1,1
0.09,1,1
0.53,1,1
0.03,1,1
0.04,1,1
0.02,1,1
0.45,1,1
0.03,1,1
0.02,1,1
0.05,1,1
0.02,1,1
0.03,1,1
0.3,1,1
0.01,1,1
0.04,1,1
0.07,1,1
0.71,1,1
0.56,1,1
0.57,1,1
0.03,1,1
0.04,1,1
0.05,1,1
0.03,1,1
0.05,1,1
0.28,1,1
0.04,1,1
0.55,1,1
0.04,1,1
0.04,1,1
0.03,1,1
0.23,1,1
0.31,1,1
0.06,1,1
0.32,1,1
0.02,1,1
0.05,1,1
0.03,1,1
0.08,1,1
0.0,1,1
0.14,1,1
0.02,1,1
0.49,1,1
0.69,1,1
0.02,1,1
0.03,1,1
0.06,1,1
0.01,1,1
0.55,1,1
0.04,1,1
0.05,1,1
0.5,1,1
0.51,1,1
0.02,1,1
0.03,1,1
0.09,1,1
0.03,1,1
0.02,1,1
0.02,1,1
0.59,1,1
0.03,1,1
0.01,1,1
0.46,1,1
0.04,1,1
0.18,1,1
0.03,1,1
0.04,1,1
0.04,1,1
0.2,1,1
0.05,1,1
0.54,1,1
0.45,1,1
0.43,1,1
0.08,1,1
0.99,0,0
0.98,0,0
0.28,1,0
0.01,1,0
0.99,0,0
0.99,0,0
0.0,1,0
0.71,0,0
0.08,1,0
0.68,0,0
0.92,0,0
0.96,0,0
0.92,0,0
0.98,0,0
1.0,0,0
0.0,1,0
0.0,1,0
0.9,0,0
0.99,0,0
0.92,0,0
0.98,0,0
0.0,1,0
0.97,0,0
0.0,1,0
0.98,0,0
0.99,0,0
0.98,0,0
0.97,0,0
0.99,0,0
1.0,0,0
0.0,1,0
0.99,0,0
0.96,0,0
0.54,1,0
0.54,1,0
0.94,0,0
0.97,0,0
0.98,0,0
0.95,0,0
0.91,0,0
0.0,1,0
0.05,1,0
0.95,0,0
0.0,1,0
1.0,0,0
1.0,0,0
0.99,0,0
0.0,1,0
0.01,1,0
0.99,0,0
0.98,0,0
0.08,1,0
1.0,0,0
0.97,0,0
0.96,0,0
0.92,0,0
0.0,1,0
0.96,0,0
0.99,0,0
0.97,0,0
0.99,0,0
0.98,0,0
0.99,0,0
0.98,0,0
0.94,0,0
0.91,0,0
0.93,0,0
1.0,0,0
0.97,0,0
0.97,0,0
0.94,0,0
0.97,0,0
0.29,1,0
0.95,0,0
1.0,0,0
0.98,0,0
0.02,1,0
0.93,0,0
0.99,0,0
0.54,1,0
0.94,0,0
0.97,0,0
0.98,0,0
0.95,0,0
0.95,0,0
0.99,0,0
1.0,0,0
0.93,0,0
0.99,0,0
0.94,0,0
0.0,1,0
0.03,1,0
0.94,0,0
0.95,0,0
0.03,1,0
0.02,1,0
1.0,0,0
0.97,0,0
0.0,0,0
0.99,0,0
0.99,0,0
0.92,0,0
1.0,0,0
0.98,0,0
0.32,1,0
0.0,1,0
0.44,1,0
0.28,1,0
0.98,0,0
0.98,0,0
0.93,0,0
0.97,0,0
0.04,1,0
0.98,0,0
0.03,1,0
0.92,0,0
0.98,0,0
0.97,0,0
0.96,0,0
0.98,0,0
0.99,0,0
0.95,0,0
0.0,1,0
0.97,0,0
0.97,0,0
0.0,1,0
0.95,0,0
0.0,1,0
0.94,0,0
0.98,0,0
0.96,0,0
0.98,0,0
0.0,1,0
0.99,0,0
0.96,0,0
0.99,0,0
0.0,1,0
0.97,0,0
0.99,0,0
0.98,0,0
0.0,1,0
0.11,1,0
0.99,0,0
0.1,1,0
0.97,0,0
0.0,1,0
0.0,1,0
0.93,0,0
0.97,0,0
0.98,0,0
0.02,1,0
0.0,1,0
0.97,0,0
0.99,0,0
0.99,0,0
0.97,0,0
0.93,0,0
0.98,0,0
1.0,0,0
0.94,0,0
0.98,0,0
0.05,1,0
0.04,1,0
0.9,0,0
0.99,0,0
0.94,0,0
0.99,0,0
0.45,1,0
0.97,0,0
0.95,0,0
0.98,0,0
0.01,1,0
0.93,0,0
0.92,0,0
0.96,0,0
0.22,1,0
0.99,0,0
0.96,0,0
0.0,1,0
1.0,0,0
0.94,0,0
0.0,1,0
0.98,0,0
0.94,0,0
0.0,1,0
0.99,0,0
0.98,0,0
0.91,0,0
0.0,1,0
0.98,0,0
0.0,1,0
0.97,0,0
0.99,0,0
0.97,0,0
0.96,0,0
0.0,1,0
0.07,1,0
0.0,1,0
0.0,1,0
0.03,1,0
0.97,0,0
1.0,0,0
0.99,0,0
0.98,0,0
0.99,0,0
0.63,1,0
1.0,0,0
0.97,0,0
0.06,1,0
0.94,0,0
0.95,0,0
0.02,1,0
0.95,0,0
0.95,0,0
0.02,1,0
0.99,0,0
0.98,0,0
0.54,1,0
0.96,0,0
0.94,0,0
0.95,0,0
0.96,0,0
0.93,0,0
0.0,1,0
0.95,0,0
0.95,0,0
0.95,0,0
0.96,0,0
0.98,0,0
0.99,0,0
1.0,0,0
0.06,1,0
0.94,0,0
0.98,0,0
0.06,1,0
0.97,0,0
0.98,0,0
0.98,0,0
0.98,0,0
0.94,0,0
0.04,1,0
0.0,1,0
0.05,1,0
0.55,1,0
1.0,0,0
0.06,1,0
0.95,0,0
0.98,0,0
0.98,0,0
0.99,0,0
0.08,1,0
0.99,0,0
1.0,0,0
0.01,1,0
0.98,0,0
0.34,1,0
0.04,1,0
0.99,0,0
0.96,0,0
0.04,1,0
0.97,0,0
0.99,0,0
0.0,1,0
1.0,0,0
0.09,1,0
0.92,0,0
0.02,1,0
0.99,0,0
0.0,1,0
0.96,0,0
0.07,1,0
0.62,0,0
0.09,1,0
0.08,1,0
1.0,0,0
0.96,0,0
0.98,0,0
0.99,0,0
0.89,0,0
0.97,0,0
0.97,0,0
0.97,0,0
0.97,0,0
0.51,1,0
1.0,0,0
0.97,0,0
0.95,0,0
0.26,1,0
0.0,1,0
0.99,0,0
0.0,1,0
0.4,1,0
0.0,1,0
0.0,1,0
0.07,1,0
0.19,1,0
0.0,0,0
0.99,0,0
0.45,1,0
0.98,0,0
0.0,1,0
0.95,0,0
