0,class_label,target_label
0.99,0,1
1.0,0,1
0.99,0,1
0.95,0,1
1.0,0,1
0.99,0,1
0.99,0,1
1.0,0,1
0.99,0,1
1.0,0,1
0.99,0,1
0.99,0,1
1.0,0,1
1.0,0,1
0.99,0,1
0.99,0,1
0.98,0,1
0.99,0,1
1.0,0,1
1.0,0,1
1.0,0,1
0.99,0,1
0.99,0,1
0.98,0,1
0.99,0,1
1.0,0,1
0.98,0,1
1.0,0,1
0.98,0,1
1.0,0,1
0.99,0,1
0.99,0,1
0.98,0,1
1.0,0,1
0.99,0,1
1.0,0,1
0.98,0,1
1.0,0,1
1.0,0,1
1.0,0,1
1.0,0,1
1.0,0,1
1.0,0,1
0.99,0,1
1.0,0,1
1.0,0,1
1.0,0,1
1.0,0,1
0.96,0,1
0.99,0,1
1.0,0,1
0.99,0,1
0.99,0,1
0.98,0,1
1.0,0,1
1.0,0,1
1.0,0,1
1.0,0,1
0.99,0,1
0.99,0,1
0.99,0,1
1.0,0,1
1.0,0,1
0.99,0,1
0.98,0,1
0.99,0,1
1.0,0,1
1.0,0,1
1.0,0,1
1.0,0,1
0.99,0,1
1.0,0,1
0.98,0,1
1.0,0,1
1.0,0,1
1.0,0,1
0.89,0,1
1.0,0,1
0.98,0,1
0.98,0,1
0.99,0,1
1.0,0,1
1.0,0,1
0.99,0,1
0.99,0,1
1.0,0,1
1.0,0,1
0.99,0,1
1.0,0,1
1.0,0,1
0.99,0,1
1.0,0,1
1.0,0,1
1.0,0,1
1.0,0,1
1.0,0,1
1.0,0,1
1.0,0,1
0.99,0,1
0.99,0,1
0.99,0,1
1.0,0,1
1.0,0,1
0.9,0,1
1.0,0,1
1.0,0,1
0.99,0,1
1.0,0,1
0.99,0,1
1.0,0,1
0.99,0,1
1.0,0,1
0.99,0,1
1.0,0,1
1.0,0,1
0.99,0,1
0.98,0,1
0.99,0,1
0.99,0,1
1.0,0,1
0.87,0,1
1.0,0,1
1.0,0,1
0.99,0,1
1.0,0,1
1.0,0,1
0.99,0,1
0.99,0,1
0.98,0,1
0.99,0,1
0.99,0,1
1.0,0,1
0.99,0,1
0.98,0,1
0.99,0,1
0.99,0,1
0.99,0,1
1.0,0,1
1.0,0,1
0.99,0,1
1.0,0,1
1.0,0,1
1.0,0,1
1.0,0,1
0.99,0,1
0.99,0,1
1.0,0,1
0.96,0,1
1.0,0,1
1.0,0,1
0.97,0,1
1.0,0,1
1.0,0,1
0.98,0,1
1.0,0,1
1.0,0,1
0.98,0,1
0.99,0,1
0.98,0,1
1.0,0,1
0.97,0,1
1.0,0,1
1.0,0,1
0.98,0,1
0.99,0,1
1.0,0,1
0.98,0,1
1.0,0,1
1.0,0,1
1.0,0,1
0.99,0,1
0.67,0,1
0.98,0,1
0.99,0,1
1.0,0,1
1.0,0,1
0.99,0,1
1.0,0,1
1.0,0,1
1.0,0,1
1.0,0,1
1.0,0,1
1.0,0,1
0.95,0,1
0.99,0,1
1.0,0,1
0.99,0,1
0.99,0,1
0.99,0,1
1.0,0,1
0.98,0,1
0.99,0,1
1.0,0,1
1.0,0,1
1.0,0,1
1.0,0,1
1.0,0,1
0.99,0,1
1.0,0,1
1.0,0,1
0.99,0,1
1.0,0,1
1.0,0,1
1.0,0,1
1.0,0,1
0.99,0,1
1.0,0,1
1.0,0,1
1.0,0,1
0.48,1,1
0.01,1,1
0.01,1,1
0.01,1,1
0.33,1,1
0.45,1,1
0.3,1,1
0.0,1,1
0.0,1,1
0.47,1,1
0.01,1,1
0.0,1,1
0.0,1,1
0.01,1,1
0.0,1,1
0.01,1,1
0.01,1,1
0.82,1,1
0.01,1,1
0.02,1,1
0.01,1,1
0.0,1,1
0.25,1,1
0.0,1,1
0.01,1,1
0.02,1,1
0.02,1,1
0.0,1,1
0.48,1,1
0.48,1,1
0.0,1,1
0.01,1,1
0.34,1,1
0.43,1,1
0.0,1,1
0.57,1,1
0.0,1,1
0.18,1,1
0.01,1,1
0.01,1,1
0.39,1,1
0.0,1,1
0.48,1,1
0.01,1,1
0.01,1,1
0.0,1,1
0.01,1,1
0.35,1,1
0.0,1,1
0.01,1,1
0.02,1,1
0.0,1,1
0.44,1,1
0.03,1,1
0.03,1,1
0.01,1,1
0.63,1,1
0.02,1,1
0.47,1,1
0.0,1,1
0.18,1,1
0.0,1,1
0.0,1,1
0.37,1,1
0.03,1,1
0.35,1,1
0.01,1,1
0.28,1,1
0.0,1,1
0.03,1,1
0.0,1,1
0.0,1,1
0.01,1,1
0.01,1,1
0.37,1,1
0.32,1,1
0.02,1,1
0.3,1,1
0.01,1,1
0.0,1,1
0.01,1,1
0.01,1,1
0.0,1,1
0.01,1,1
0.0,1,1
0.04,1,1
0.0,1,1
0.0,1,1
0.01,1,1
0.01,1,1
0.03,1,1
0.01,1,1
0.54,1,1
0.0,1,1
0.25,1,1
0.0,1,1
0.36,1,1
0.0,1,1
0.0,1,1
0.0,1,1
0.02,1,1
0.0,1,1
0.35,1,1
0.0,1,1
0.15,1,1
0.01,1,1
0.5,1,1
0.0,1,1
0.0,1,1
0.0,1,1
0.0,1,1
0.02,1,1
0.28,1,1
0.0,1,1
0.01,1,1
0.54,1,1
0.02,1,1
0.35,1,1
0.18,1,1
0.05,1,1
0.01,1,1
0.0,1,1
0.0,1,1
0.03,1,1
0.01,1,1
0.0,1,1
0.05,1,1
0.01,1,1
0.01,1,1
0.55,1,1
0.29,1,1
0.0,1,1
0.01,1,1
0.4,1,1
0.0,1,1
0.0,1,1
0.02,1,1
0.0,1,1
0.58,1,1
0.02,1,1
0.0,1,1
0.01,1,1
0.0,1,1
0.02,1,1
0.03,1,1
0.34,1,1
0.01,1,1
0.38,1,1
0.0,1,1
0.31,1,1
0.01,1,1
0.0,1,1
0.01,1,1
0.48,1,1
0.02,1,1
0.04,1,1
0.02,1,1
0.01,1,1
0.37,1,1
0.0,1,1
0.02,1,1
0.03,1,1
0.02,1,1
0.59,1,1
0.01,1,1
0.0,1,1
0.0,1,1
0.41,1,1
0.0,1,1
0.0,1,1
0.02,1,1
0.04,1,1
0.5,1,1
0.02,1,1
0.49,1,1
0.0,1,1
0.0,1,1
0.01,1,1
0.36,1,1
0.57,1,1
0.01,1,1
0.0,1,1
0.03,1,1
0.45,1,1
0.02,1,1
0.43,1,1
0.0,1,1
0.04,1,1
0.0,1,1
0.0,1,1
0.04,1,1
0.02,1,1
0.0,1,1
0.65,1,1
0.02,1,1
0.22,1,1
0.0,1,1
0.01,1,1
0.4,1,1
0.23,1,1
0.0,1,1
0.0,1,1
0.0,1,1
0.0,1,1
0.01,1,1
0.0,1,1
0.45,1,1
0.02,1,1
0.01,1,1
0.0,1,0
1.0,0,0
0.98,0,0
0.42,1,0
1.0,0,0
0.0,0,0
1.0,0,0
1.0,0,0
0.99,0,0
1.0,0,0
0.03,1,0
1.0,0,0
1.0,0,0
0.0,1,0
0.03,1,0
1.0,0,0
1.0,0,0
0.94,0,0
0.98,0,0
0.98,0,0
1.0,0,0
0.0,1,0
1.0,0,0
0.29,1,0
1.0,0,0
1.0,0,0
1.0,0,0
0.12,1,0
0.99,0,0
1.0,0,0
0.0,1,0
0.99,0,0
0.0,1,0
0.96,0,0
0.0,1,0
0.01,1,0
1.0,0,0
0.98,0,0
0.0,1,0
0.37,1,0
0.97,0,0
0.02,1,0
0.99,0,0
1.0,0,0
0.97,0,0
1.0,0,0
1.0,0,0
1.0,0,0
1.0,0,0
1.0,0,0
1.0,0,0
1.0,0,0
0.99,0,0
0.98,0,0
0.0,1,0
1.0,0,0
0.03,1,0
1.0,0,0
0.98,0,0
0.99,0,0
1.0,0,0
0.98,0,0
0.99,0,0
1.0,0,0
0.93,0,0
0.73,1,0
0.99,0,0
0.12,1,0
1.0,0,0
1.0,0,0
0.01,1,0
1.0,0,0
0.82,0,0
0.0,1,0
1.0,0,0
1.0,0,0
0.99,0,0
0.98,0,0
0.02,1,0
1.0,0,0
1.0,0,0
0.82,0,0
1.0,0,0
0.01,1,0
0.98,0,0
0.0,1,0
0.99,0,0
0.99,0,0
1.0,0,0
1.0,0,0
0.99,0,0
0.0,1,0
0.0,1,0
0.98,0,0
1.0,0,0
0.99,0,0
0.98,0,0
1.0,0,0
0.0,1,0
0.99,0,0
1.0,0,0
0.0,1,0
0.99,0,0
1.0,0,0
1.0,0,0
0.99,0,0
1.0,0,0
0.99,0,0
1.0,0,0
0.0,1,0
1.0,0,0
1.0,0,0
1.0,0,0
1.0,0,0
0.0,1,0
0.01,1,0
0.99,0,0
1.0,0,0
1.0,0,0
1.0,0,0
0.0,1,0
0.98,0,0
0.99,0,0
0.0,1,0
1.0,0,0
0.0,1,0
0.14,1,0
0.97,0,0
1.0,0,0
1.0,0,0
1.0,0,0
0.16,1,0
0.99,0,0
0.99,0,0
0.0,1,0
0.4,1,0
0.99,0,0
0.0,1,0
0.96,0,0
0.0,0,0
0.98,0,0
0.03,1,0
0.02,1,0
1.0,0,0
0.0,1,0
0.98,0,0
0.98,0,0
0.99,0,0
0.98,0,0
1.0,0,0
0.03,1,0
0.99,0,0
0.49,1,0
1.0,0,0
0.99,0,0
1.0,0,0
0.0,1,0
1.0,0,0
0.98,0,0
0.99,0,0
0.0,1,0
1.0,0,0
0.96,0,0
0.99,0,0
1.0,0,0
0.0,1,0
1.0,0,0
1.0,0,0
0.01,1,0
0.99,0,0
0.99,0,0
1.0,0,0
0.99,0,0
1.0,0,0
0.98,0,0
1.0,0,0
0.47,1,0
0.99,0,0
0.01,1,0
0.55,1,0
0.0,1,0
1.0,0,0
1.0,0,0
0.99,0,0
0.38,1,0
0.99,0,0
0.99,0,0
0.99,0,0
1.0,0,0
1.0,0,0
1.0,0,0
0.48,1,0
0.0,1,0
0.98,0,0
1.0,0,0
0.98,0,0
0.0,1,0
1.0,0,0
1.0,0,0
0.99,0,0
0.0,1,0
0.0,1,0
1.0,0,0
0.0,1,0
0.97,0,0
0.99,0,0
1.0,0,0
0.4,1,0
1.0,0,0
0.99,0,0
0.01,1,0
1.0,0,0
0.99,0,0
0.0,1,0
0.0,1,0
0.99,0,0
1.0,0,0
1.0,0,0
0.99,0,0
1.0,0,0
0.0,1,0
0.99,0,0
0.0,1,0
0.98,0,0
1.0,0,0
1.0,0,0
1.0,0,0
1.0,0,0
0.98,0,0
0.0,1,0
0.99,0,0
0.98,0,0
0.94,0,0
0.02,1,0
1.0,0,0
1.0,0,0
1.0,0,0
0.99,0,0
1.0,0,0
0.37,1,0
0.4,1,0
1.0,0,0
1.0,0,0
0.02,1,0
1.0,0,0
0.01,1,0
0.99,0,0
1.0,0,0
1.0,0,0
1.0,0,0
0.0,1,0
0.99,0,0
1.0,0,0
0.0,1,0
0.98,0,0
1.0,0,0
0.98,0,0
0.99,0,0
1.0,0,0
1.0,0,0
0.99,0,0
0.99,0,0
1.0,0,0
1.0,0,0
0.99,0,0
0.47,1,0
0.96,0,0
0.0,1,0
0.99,0,0
0.99,0,0
0.98,0,0
0.99,0,0
1.0,0,0
1.0,0,0
0.99,0,0
0.99,0,0
0.98,0,0
0.98,0,0
1.0,0,0
0.99,0,0
1.0,0,0
0.0,1,0
0.99,0,0
0.97,0,0
0.99,0,0
1.0,0,0
1.0,0,0
1.0,0,0
0.0,1,0
1.0,0,0
1.0,0,0
0.99,0,0
1.0,0,0
0.97,0,0
0.99,0,0
1.0,0,0
1.0,0,0
1.0,0,0
1.0,0,0
1.0,0,0
1.0,0,0
0.99,0,0
