0,class_label,target_label
0.98,0,1
0.96,0,1
1.0,0,1
0.99,0,1
1.0,0,1
0.99,0,1
1.0,0,1
1.0,0,1
0.99,0,1
0.98,0,1
0.98,0,1
0.99,0,1
1.0,0,1
1.0,0,1
0.98,0,1
0.96,0,1
0.97,0,1
0.98,0,1
1.0,0,1
0.98,0,1
0.98,0,1
0.99,0,1
0.99,0,1
1.0,0,1
0.98,0,1
1.0,0,1
0.83,0,1
0.96,0,1
0.99,0,1
0.97,0,1
1.0,0,1
0.98,0,1
1.0,0,1
1.0,0,1
0.97,0,1
0.99,0,1
0.97,0,1
0.99,0,1
0.99,0,1
0.96,0,1
0.96,0,1
0.96,0,1
0.99,0,1
0.99,0,1
0.99,0,1
0.97,0,1
0.99,0,1
1.0,0,1
1.0,0,1
1.0,0,1
1.0,0,1
1.0,0,1
0.97,0,1
1.0,0,1
1.0,0,1
0.99,0,1
1.0,0,1
0.98,0,1
1.0,0,1
0.98,0,1
0.99,0,1
1.0,0,1
0.99,0,1
0.99,0,1
0.98,0,1
0.99,0,1
0.96,0,1
0.98,0,1
0.99,0,1
0.98,0,1
0.99,0,1
0.99,0,1
0.99,0,1
1.0,0,1
0.99,0,1
0.99,0,1
1.0,0,1
1.0,0,1
0.99,0,1
1.0,0,1
0.99,0,1
1.0,0,1
0.99,0,1
0.98,0,1
0.95,0,1
0.99,0,1
0.98,0,1
0.99,0,1
0.99,0,1
1.0,0,1
0.99,0,1
1.0,0,1
0.98,0,1
1.0,0,1
0.99,0,1
0.98,0,1
0.99,0,1
0.97,0,1
0.99,0,1
0.97,0,1
0.98,0,1
1.0,0,1
0.9,0,1
0.99,0,1
1.0,0,1
1.0,0,1
1.0,0,1
0.99,0,1
0.97,0,1
1.0,0,1
1.0,0,1
1.0,0,1
0.97,0,1
1.0,0,1
0.96,0,1
1.0,0,1
1.0,0,1
0.99,0,1
1.0,0,1
0.99,0,1
0.99,0,1
0.99,0,1
0.99,0,1
0.97,0,1
0.98,0,1
0.99,0,1
0.97,0,1
0.97,0,1
0.99,0,1
0.96,0,1
0.99,0,1
1.0,0,1
1.0,0,1
0.98,0,1
0.98,0,1
1.0,0,1
0.98,0,1
0.99,0,1
0.97,0,1
0.95,0,1
1.0,0,1
0.98,0,1
0.99,0,1
1.0,0,1
0.98,0,1
0.98,0,1
1.0,0,1
1.0,0,1
0.98,0,1
0.99,0,1
0.99,0,1
0.99,0,1
1.0,0,1
0.9,0,1
1.0,0,1
1.0,0,1
1.0,0,1
0.98,0,1
1.0,0,1
0.94,0,1
0.97,0,1
0.96,0,1
0.98,0,1
0.99,0,1
1.0,0,1
0.99,0,1
0.99,0,1
0.97,0,1
1.0,0,1
1.0,0,1
0.98,0,1
0.99,0,1
1.0,0,1
1.0,0,1
1.0,0,1
1.0,0,1
0.99,0,1
0.98,0,1
0.98,0,1
0.99,0,1
0.98,0,1
0.98,0,1
1.0,0,1
1.0,0,1
1.0,0,1
0.99,0,1
0.99,0,1
0.98,0,1
0.8,0,1
0.97,0,1
0.99,0,1
0.99,0,1
0.99,0,1
1.0,0,1
0.98,0,1
1.0,0,1
0.99,0,1
0.97,0,1
1.0,0,1
0.98,0,1
0.98,0,1
0.98,0,1
0.98,0,1
0.99,0,1
1.0,0,1
0.99,0,1
0.99,0,1
1.0,0,1
1.0,0,1
1.0,0,1
0.99,0,1
0.98,0,1
0.99,0,1
0.97,0,1
0.99,0,1
1.0,0,1
0.98,0,1
0.98,0,1
0.98,0,1
0.99,0,1
0.95,0,1
0.95,0,1
1.0,0,1
0.99,0,1
0.99,0,1
0.91,0,1
0.98,0,1
0.97,0,1
0.94,0,1
1.0,0,1
0.97,0,1
0.97,0,1
0.97,0,1
1.0,0,1
0.01,1,1
0.01,1,1
0.0,1,1
0.02,1,1
0.05,1,1
0.03,1,1
0.03,1,1
0.0,1,1
0.0,1,1
0.01,1,1
0.04,1,1
0.03,1,1
0.14,1,1
0.33,1,1
0.02,1,1
0.03,1,1
0.02,1,1
0.23,1,1
0.2,1,1
0.03,1,1
0.63,1,1
0.01,1,1
0.04,1,1
0.35,1,1
0.01,1,1
0.09,1,1
0.0,1,1
0.01,1,1
0.02,1,1
0.02,1,1
0.01,1,1
0.0,1,1
0.55,1,1
0.0,1,1
0.0,1,1
0.03,1,1
0.01,1,1
0.54,1,1
0.21,1,1
0.01,1,1
0.04,1,1
0.02,1,1
0.0,1,1
0.0,1,1
0.02,1,1
0.01,1,1
0.04,1,1
0.39,1,1
0.04,1,1
0.04,1,1
0.02,1,1
0.04,1,1
0.13,1,1
0.01,1,1
0.04,1,1
0.01,1,1
0.01,1,1
0.02,1,1
0.04,1,1
0.02,1,1
0.06,1,1
0.01,1,1
0.0,1,1
0.54,1,1
0.0,1,1
0.03,1,1
0.0,1,1
0.37,1,1
0.0,1,1
0.0,1,1
0.04,1,1
0.09,1,1
0.01,1,1
0.0,1,1
0.0,1,1
0.01,1,1
0.01,1,1
0.02,1,1
0.09,1,1
0.0,1,1
0.0,1,1
0.01,1,1
0.0,1,1
0.01,1,1
0.03,1,1
0.01,1,1
0.52,1,1
0.0,1,1
0.02,1,1
0.0,1,1
0.2,1,1
0.3,1,1
0.03,1,1
0.01,1,1
0.02,1,1
0.65,1,1
0.01,1,1
0.34,1,1
0.01,1,1
0.0,1,1
0.43,1,1
0.22,1,1
0.03,1,1
0.03,1,1
0.01,1,1
0.02,1,1
0.02,1,1
0.01,1,1
0.38,1,1
0.01,1,1
0.0,1,1
0.04,1,1
0.41,1,1
0.01,1,1
0.02,1,1
0.0,1,1
0.01,1,1
0.2,1,1
0.0,1,1
0.06,1,1
0.01,1,1
0.02,1,1
0.01,1,1
0.36,1,1
0.02,1,1
0.01,1,1
0.05,1,1
0.04,1,1
0.01,1,1
0.01,1,1
0.01,1,1
0.01,1,1
0.01,1,1
0.12,1,1
0.03,1,1
0.0,1,1
0.01,1,1
0.04,1,1
0.44,1,1
0.59,1,1
0.0,1,1
0.0,1,1
0.0,1,1
0.04,1,1
0.01,1,1
0.58,1,1
0.47,1,1
0.01,1,1
0.03,1,1
0.71,1,1
0.0,1,1
0.58,1,1
0.02,1,1
0.01,1,1
0.31,1,1
0.54,1,1
0.57,1,1
0.02,1,1
0.02,1,1
0.02,1,1
0.01,1,1
0.05,1,1
0.01,1,1
0.01,1,1
0.21,1,1
0.31,1,1
0.02,1,1
0.0,1,1
0.0,1,1
0.01,1,1
0.65,1,1
0.03,1,1
0.02,1,1
0.01,1,1
0.41,1,1
0.01,1,1
0.05,1,1
0.02,1,1
0.01,1,1
0.01,1,1
0.02,1,1
0.01,1,1
0.0,1,1
0.49,1,1
0.03,1,1
0.0,1,1
0.01,1,1
0.01,1,1
0.46,1,1
0.16,1,1
0.01,1,1
0.53,1,1
0.26,1,1
0.02,1,1
0.01,1,1
0.0,1,1
0.45,1,1
0.19,1,1
0.05,1,1
0.02,1,1
0.02,1,1
0.01,1,1
0.01,1,1
0.0,1,1
0.61,1,1
0.66,1,1
0.02,1,1
0.34,1,1
0.03,1,1
0.01,1,1
0.03,1,1
0.04,1,1
0.03,1,1
0.54,1,1
0.03,1,1
0.02,1,1
0.02,1,1
0.01,1,1
0.04,1,1
0.37,1,1
0.03,1,1
0.35,1,1
0.0,1,1
0.43,1,1
0.03,1,1
0.51,1,1
0.04,1,1
0.04,1,1
0.03,1,1
0.0,1,1
0.01,1,1
0.0,1,1
0.03,1,1
0.0,1,1
0.99,0,0
0.0,1,0
0.99,0,0
0.99,0,0
0.98,0,0
0.99,0,0
0.98,0,0
0.0,1,0
0.99,0,0
0.96,0,0
0.99,0,0
0.97,0,0
0.0,1,0
0.4,1,0
1.0,0,0
0.98,0,0
0.97,0,0
0.98,0,0
0.0,1,0
1.0,0,0
0.99,0,0
0.99,0,0
0.99,0,0
1.0,0,0
1.0,0,0
0.99,0,0
0.99,0,0
0.99,0,0
0.99,0,0
1.0,0,0
0.97,0,0
1.0,0,0
0.98,0,0
0.98,0,0
1.0,0,0
0.99,0,0
1.0,0,0
1.0,0,0
0.03,1,0
1.0,0,0
0.02,1,0
0.98,0,0
0.0,1,0
0.94,0,0
0.0,1,0
0.02,1,0
0.99,0,0
0.0,0,0
0.94,0,0
0.98,0,0
0.01,1,0
1.0,0,0
0.0,1,0
0.0,1,0
0.98,0,0
1.0,0,0
0.0,1,0
0.97,0,0
1.0,0,0
0.97,0,0
0.99,0,0
0.99,0,0
1.0,0,0
1.0,0,0
0.0,0,0
1.0,0,0
0.96,0,0
0.0,0,0
1.0,0,0
0.99,0,0
1.0,0,0
0.04,1,0
1.0,0,0
0.96,0,0
0.99,0,0
1.0,0,0
1.0,0,0
0.99,0,0
1.0,0,0
0.99,0,0
0.98,0,0
0.35,1,0
1.0,0,0
0.98,0,0
0.98,0,0
0.97,0,0
0.99,0,0
0.0,1,0
0.36,1,0
0.97,0,0
0.01,1,0
1.0,0,0
0.95,0,0
0.7,0,0
0.0,1,0
0.64,1,0
1.0,0,0
0.99,0,0
1.0,0,0
1.0,0,0
0.98,0,0
0.96,0,0
0.98,0,0
1.0,0,0
0.0,1,0
0.97,0,0
0.95,0,0
0.99,0,0
0.99,0,0
0.0,1,0
0.01,1,0
0.0,1,0
0.02,1,0
0.99,0,0
0.99,0,0
0.0,1,0
0.0,1,0
0.01,1,0
0.97,0,0
1.0,0,0
1.0,0,0
0.99,0,0
0.01,1,0
0.0,1,0
1.0,0,0
0.01,1,0
0.99,0,0
0.99,0,0
1.0,0,0
0.03,1,0
1.0,0,0
0.0,1,0
0.0,1,0
0.96,0,0
1.0,0,0
1.0,0,0
0.97,0,0
0.97,0,0
0.99,0,0
1.0,0,0
0.98,0,0
0.98,0,0
0.0,1,0
0.99,0,0
0.0,1,0
0.98,0,0
0.98,0,0
0.05,1,0
0.99,0,0
0.0,1,0
0.0,1,0
0.01,1,0
0.98,0,0
0.02,1,0
0.99,0,0
0.99,0,0
0.02,1,0
0.98,0,0
0.01,1,0
0.99,0,0
0.0,1,0
1.0,0,0
0.0,1,0
0.97,0,0
0.99,0,0
0.98,0,0
0.0,0,0
0.99,0,0
1.0,0,0
0.99,0,0
0.98,0,0
1.0,0,0
0.02,1,0
0.03,1,0
0.99,0,0
0.0,1,0
1.0,0,0
0.99,0,0
0.01,1,0
0.98,0,0
0.98,0,0
0.02,1,0
0.98,0,0
0.99,0,0
0.96,0,0
1.0,0,0
1.0,0,0
1.0,0,0
1.0,0,0
0.05,1,0
0.99,0,0
0.99,0,0
1.0,0,0
0.99,0,0
1.0,0,0
0.02,1,0
0.04,1,0
1.0,0,0
0.0,1,0
0.97,0,0
0.97,0,0
1.0,0,0
1.0,0,0
1.0,0,0
0.97,0,0
0.99,0,0
0.0,1,0
0.99,0,0
1.0,0,0
0.0,0,0
0.05,1,0
1.0,0,0
0.98,0,0
0.99,0,0
0.0,1,0
0.99,0,0
0.98,0,0
0.98,0,0
0.98,0,0
0.99,0,0
0.98,0,0
1.0,0,0
0.0,1,0
0.99,0,0
0.36,1,0
0.99,0,0
0.97,0,0
0.0,1,0
0.0,1,0
0.01,1,0
0.99,0,0
0.99,0,0
1.0,0,0
0.98,0,0
0.0,1,0
0.0,1,0
0.97,0,0
0.98,0,0
0.14,1,0
0.03,1,0
0.98,0,0
0.96,0,0
0.0,1,0
0.98,0,0
0.99,0,0
1.0,0,0
0.99,0,0
0.03,1,0
0.99,0,0
0.98,0,0
0.97,0,0
0.0,1,0
0.73,1,0
1.0,0,0
0.99,0,0
0.98,0,0
1.0,0,0
0.99,0,0
0.0,1,0
0.98,0,0
0.97,0,0
0.99,0,0
0.0,1,0
1.0,0,0
0.51,0,0
0.98,0,0
0.02,1,0
0.0,1,0
0.98,0,0
1.0,0,0
0.98,0,0
0.98,0,0
0.98,0,0
1.0,0,0
0.97,0,0
0.99,0,0
0.98,0,0
0.99,0,0
0.68,0,0
0.38,1,0
0.97,0,0
1.0,0,0
0.99,0,0
0.0,1,0
0.99,0,0
0.99,0,0
0.98,0,0
0.96,0,0
0.0,0,0
0.0,1,0
1.0,0,0
0.0,1,0
0.0,1,0
0.96,0,0
0.99,0,0
0.0,1,0
0.0,0,0
0.99,0,0
0.29,1,0
0.0,1,0
0.02,1,0
0.97,0,0
