0,class_label,target_label
0.99,0,1
0.98,0,1
0.94,0,1
1.0,0,1
0.98,0,1
1.0,0,1
0.99,0,1
0.87,0,1
0.98,0,1
0.95,0,1
0.92,0,1
1.0,0,1
0.99,0,1
0.94,0,1
0.85,0,1
0.94,0,1
0.96,0,1
0.99,0,1
0.98,0,1
0.89,0,1
0.97,0,1
0.92,0,1
0.91,0,1
0.98,0,1
0.94,0,1
0.95,0,1
0.97,0,1
0.97,0,1
0.89,0,1
0.95,0,1
0.97,0,1
0.98,0,1
0.98,0,1
0.98,0,1
0.87,0,1
0.99,0,1
0.96,0,1
0.93,0,1
0.94,0,1
0.96,0,1
0.97,0,1
0.96,0,1
0.93,0,1
1.0,0,1
0.96,0,1
0.99,0,1
1.0,0,1
0.98,0,1
0.94,0,1
0.91,0,1
0.97,0,1
0.97,0,1
0.98,0,1
0.98,0,1
0.88,0,1
0.95,0,1
0.98,0,1
0.98,0,1
0.94,0,1
0.99,0,1
0.95,0,1
0.99,0,1
0.97,0,1
0.95,0,1
0.96,0,1
0.98,0,1
0.97,0,1
0.95,0,1
0.98,0,1
0.91,0,1
0.98,0,1
0.95,0,1
0.92,0,1
0.92,0,1
0.96,0,1
0.97,0,1
0.98,0,1
0.95,0,1
0.98,0,1
0.95,0,1
0.96,0,1
0.97,0,1
0.95,0,1
0.95,0,1
0.98,0,1
0.95,0,1
0.99,0,1
0.98,0,1
0.97,0,1
0.93,0,1
0.98,0,1
0.9,0,1
0.97,0,1
0.97,0,1
0.97,0,1
1.0,0,1
0.95,0,1
0.96,0,1
1.0,0,1
1.0,0,1
0.97,0,1
0.72,0,1
0.99,0,1
0.97,0,1
0.95,0,1
0.92,0,1
0.98,0,1
0.98,0,1
0.91,0,1
0.97,0,1
0.97,0,1
0.96,0,1
0.92,0,1
0.92,0,1
1.0,0,1
0.91,0,1
1.0,0,1
0.97,0,1
0.91,0,1
0.99,0,1
0.95,0,1
0.95,0,1
0.99,0,1
0.96,0,1
1.0,0,1
0.99,0,1
0.96,0,1
0.94,0,1
0.97,0,1
0.95,0,1
0.9,0,1
0.96,0,1
0.97,0,1
0.94,0,1
0.96,0,1
0.95,0,1
0.92,0,1
0.96,0,1
0.98,0,1
0.95,0,1
0.96,0,1
0.91,0,1
0.98,0,1
0.99,0,1
1.0,0,1
0.96,0,1
0.99,0,1
1.0,0,1
0.99,0,1
0.99,0,1
1.0,0,1
0.95,0,1
0.97,0,1
0.97,0,1
0.98,0,1
0.98,0,1
0.9,0,1
0.68,0,1
0.96,0,1
1.0,0,1
0.89,0,1
0.97,0,1
0.99,0,1
0.99,0,1
0.96,0,1
0.88,0,1
0.95,0,1
0.94,0,1
0.91,0,1
0.99,0,1
0.91,0,1
0.98,0,1
0.98,0,1
0.98,0,1
1.0,0,1
0.95,0,1
0.95,0,1
0.95,0,1
0.88,0,1
0.99,0,1
0.98,0,1
0.96,0,1
0.99,0,1
0.98,0,1
0.94,0,1
0.98,0,1
0.99,0,1
0.99,0,1
0.99,0,1
0.98,0,1
0.91,0,1
1.0,0,1
0.93,0,1
0.89,0,1
0.97,0,1
0.01,1,1
0.03,1,1
0.38,1,1
0.03,1,1
0.3,1,1
0.06,1,1
0.06,1,1
0.48,1,1
0.04,1,1
0.37,1,1
0.03,1,1
0.01,1,1
0.06,1,1
0.06,1,1
0.03,1,1
0.03,1,1
0.01,1,1
0.19,1,1
0.05,1,1
0.06,1,1
0.02,1,1
0.75,1,1
0.01,1,1
0.02,1,1
0.04,1,1
0.07,1,1
0.39,1,1
0.05,1,1
0.02,1,1
0.01,1,1
0.02,1,1
0.05,1,1
0.03,1,1
0.02,1,1
0.33,1,1
0.02,1,1
0.48,1,1
0.0,1,1
0.01,1,1
0.59,1,1
0.02,1,1
0.04,1,1
0.17,1,1
0.02,1,1
0.03,1,1
0.32,1,1
0.2,1,1
0.02,1,1
0.02,1,1
0.03,1,1
0.02,1,1
0.06,1,1
0.01,1,1
0.47,1,1
0.58,1,1
0.02,1,1
0.03,1,1
0.03,1,1
0.43,1,1
0.08,1,1
0.53,1,1
0.43,1,1
0.0,1,1
0.31,1,1
0.02,1,1
0.48,1,1
0.04,1,1
0.1,1,1
0.05,1,1
0.04,1,1
0.05,1,1
0.47,1,1
0.0,1,1
0.1,1,1
0.18,1,1
0.42,1,1
0.03,1,1
0.1,1,1
0.27,1,1
0.01,1,1
0.03,1,1
0.04,1,1
0.04,1,1
0.06,1,1
0.02,1,1
0.31,1,1
0.47,1,1
0.36,1,1
0.55,1,1
0.06,1,1
0.01,1,1
0.0,1,1
0.04,1,1
0.03,1,1
0.01,1,1
0.05,1,1
0.05,1,1
0.45,1,1
0.04,1,1
0.02,1,1
0.04,1,1
0.36,1,1
0.04,1,1
0.0,1,1
0.06,1,1
0.49,1,1
0.03,1,1
0.13,1,1
0.11,1,1
0.21,1,1
0.02,1,1
0.01,1,1
0.03,1,1
0.05,1,1
0.01,1,1
0.07,1,1
0.02,1,1
0.43,1,1
0.05,1,1
0.07,1,1
0.04,1,1
0.07,1,1
0.02,1,1
0.06,1,1
0.39,1,1
0.02,1,1
0.03,1,1
0.05,1,1
0.02,1,1
0.07,1,1
0.59,1,1
0.02,1,1
0.39,1,1
0.31,1,1
0.17,1,1
0.06,1,1
0.26,1,1
0.3,1,1
0.05,1,1
0.03,1,1
0.54,1,1
0.03,1,1
0.3,1,1
0.02,1,1
0.02,1,1
0.0,1,1
0.53,1,1
0.03,1,1
0.04,1,1
0.03,1,1
0.03,1,1
0.02,1,1
0.04,1,1
0.04,1,1
0.04,1,1
0.03,1,1
0.06,1,1
0.07,1,1
0.01,1,1
0.01,1,1
0.03,1,1
0.26,1,1
0.0,1,1
0.37,1,1
0.02,1,1
0.28,1,1
0.54,1,1
0.04,1,1
0.03,1,1
0.01,1,1
0.29,1,1
0.0,1,1
0.07,1,1
0.04,1,1
0.06,1,1
0.56,1,1
0.05,1,1
0.37,1,1
0.07,1,1
0.03,1,1
0.03,1,1
0.2,1,1
0.52,1,1
0.45,1,1
0.0,1,1
0.04,1,1
0.04,1,1
0.03,1,1
0.04,1,1
0.06,1,1
0.05,1,1
0.01,1,1
0.4,1,1
0.0,1,1
0.56,1,1
0.99,0,0
1.0,0,0
0.01,1,0
0.99,0,0
0.97,0,0
0.88,0,0
0.99,0,0
0.0,1,0
1.0,0,0
0.0,1,0
0.0,1,0
0.97,0,0
0.98,0,0
0.35,1,0
0.92,0,0
0.95,0,0
0.98,0,0
0.98,0,0
0.93,0,0
0.96,0,0
0.04,1,0
1.0,0,0
0.94,0,0
0.89,0,0
0.99,0,0
0.96,0,0
0.97,0,0
0.94,0,0
0.96,0,0
0.05,1,0
0.54,0,0
0.92,0,0
0.98,0,0
0.02,1,0
0.89,0,0
1.0,0,0
0.0,1,0
0.0,0,0
0.98,0,0
0.0,1,0
0.02,1,0
0.21,1,0
0.94,0,0
0.99,0,0
0.86,0,0
0.95,0,0
0.99,0,0
0.97,0,0
0.0,0,0
0.96,0,0
0.93,0,0
0.99,0,0
0.97,0,0
0.96,0,0
0.82,0,0
0.89,0,0
0.95,0,0
0.0,1,0
0.9,0,0
0.01,1,0
0.99,0,0
0.02,1,0
0.0,1,0
0.0,1,0
0.02,1,0
0.92,0,0
0.0,1,0
0.93,0,0
0.98,0,0
0.87,0,0
0.96,0,0
0.99,0,0
0.91,0,0
0.14,1,0
0.97,0,0
0.0,1,0
1.0,0,0
0.94,0,0
0.98,0,0
0.95,0,0
0.88,0,0
0.0,1,0
0.93,0,0
0.91,0,0
0.0,1,0
0.97,0,0
0.96,0,0
0.92,0,0
0.93,0,0
0.96,0,0
0.97,0,0
0.98,0,0
0.94,0,0
0.98,0,0
1.0,0,0
0.04,1,0
0.0,0,0
0.0,1,0
0.03,1,0
0.0,1,0
0.94,0,0
0.03,1,0
0.0,1,0
0.32,1,0
0.99,0,0
0.99,0,0
1.0,0,0
0.99,0,0
0.0,1,0
0.98,0,0
0.0,1,0
0.0,1,0
0.89,0,0
0.94,0,0
0.0,1,0
0.0,1,0
0.91,0,0
0.98,0,0
0.92,0,0
0.96,0,0
0.88,0,0
0.05,1,0
0.0,1,0
0.97,0,0
1.0,0,0
0.94,0,0
0.0,1,0
0.0,1,0
0.93,0,0
0.97,0,0
0.97,0,0
0.9,0,0
0.99,0,0
0.9,0,0
0.03,1,0
0.0,1,0
1.0,0,0
0.93,0,0
0.93,0,0
0.0,1,0
0.9,0,0
0.0,1,0
0.95,0,0
1.0,0,0
0.0,0,0
0.95,0,0
0.94,0,0
0.92,0,0
0.98,0,0
0.87,0,0
0.99,0,0
0.9,0,0
0.97,0,0
0.96,0,0
0.93,0,0
0.34,1,0
0.93,0,0
0.93,0,0
0.04,1,0
0.93,0,0
0.9,0,0
0.96,0,0
0.05,1,0
0.0,1,0
1.0,0,0
0.01,1,0
0.99,0,0
0.98,0,0
0.05,1,0
0.91,0,0
0.92,0,0
0.0,1,0
0.04,1,0
0.01,1,0
0.99,0,0
0.02,1,0
0.0,1,0
0.0,1,0
0.98,0,0
0.92,0,0
0.91,0,0
0.99,0,0
0.92,0,0
0.95,0,0
0.96,0,0
0.96,0,0
0.08,1,0
0.06,1,0
0.91,0,0
0.0,1,0
0.99,0,0
0.43,1,0
0.97,0,0
0.0,0,0
0.99,0,0
0.94,0,0
0.0,0,0
0.0,1,0
0.98,0,0
0.91,0,0
0.0,1,0
0.06,1,0
0.05,1,0
0.0,1,0
0.0,1,0
0.92,0,0
0.04,1,0
0.02,1,0
0.91,0,0
0.97,0,0
0.96,0,0
0.0,1,0
0.0,1,0
0.99,0,0
0.97,0,0
0.0,1,0
0.97,0,0
0.97,0,0
0.05,1,0
0.06,1,0
0.01,1,0
0.0,1,0
0.98,0,0
0.02,1,0
0.0,1,0
1.0,0,0
0.98,0,0
0.0,1,0
0.04,1,0
0.03,1,0
0.98,0,0
0.0,1,0
0.93,0,0
0.99,0,0
0.0,1,0
0.99,0,0
0.92,0,0
0.95,0,0
0.97,0,0
0.94,0,0
0.94,0,0
0.93,0,0
0.89,0,0
0.95,0,0
0.91,0,0
0.87,0,0
0.0,1,0
0.96,0,0
0.04,1,0
0.9,0,0
0.0,1,0
0.95,0,0
1.0,0,0
0.05,1,0
0.96,0,0
0.96,0,0
0.99,0,0
0.94,0,0
0.98,0,0
0.98,0,0
0.94,0,0
0.91,0,0
0.95,0,0
0.01,1,0
0.96,0,0
0.98,0,0
0.99,0,0
0.98,0,0
0.98,0,0
0.96,0,0
0.96,0,0
0.9,0,0
0.02,1,0
0.97,0,0
0.96,0,0
0.98,0,0
0.97,0,0
0.04,1,0
0.0,1,0
0.95,0,0
0.93,0,0
0.98,0,0
0.0,0,0
0.92,0,0
0.91,0,0
0.97,0,0
0.93,0,0
0.89,0,0
0.93,0,0
0.91,0,0
0.07,1,0
0.98,0,0
0.19,1,0
0.0,0,0
0.0,1,0
0.96,0,0
0.0,1,0
0.0,1,0
