0,class_label,target_label
0.99,0,1
1.0,0,1
1.0,0,1
0.99,0,1
0.99,0,1
1.0,0,1
1.0,0,1
1.0,0,1
1.0,0,1
0.99,0,1
0.99,0,1
1.0,0,1
0.99,0,1
1.0,0,1
0.99,0,1
1.0,0,1
0.98,0,1
1.0,0,1
1.0,0,1
1.0,0,1
0.99,0,1
1.0,0,1
1.0,0,1
1.0,0,1
0.99,0,1
1.0,0,1
0.99,0,1
0.99,0,1
1.0,0,1
1.0,0,1
0.99,0,1
1.0,0,1
1.0,0,1
1.0,0,1
1.0,0,1
1.0,0,1
1.0,0,1
1.0,0,1
0.99,0,1
0.98,0,1
1.0,0,1
0.99,0,1
0.99,0,1
1.0,0,1
0.99,0,1
1.0,0,1
0.99,0,1
1.0,0,1
1.0,0,1
1.0,0,1
1.0,0,1
1.0,0,1
1.0,0,1
1.0,0,1
0.98,0,1
1.0,0,1
0.98,0,1
1.0,0,1
1.0,0,1
0.98,0,1
1.0,0,1
0.99,0,1
1.0,0,1
0.99,0,1
0.99,0,1
1.0,0,1
1.0,0,1
1.0,0,1
0.99,0,1
1.0,0,1
0.99,0,1
1.0,0,1
0.99,0,1
0.99,0,1
1.0,0,1
1.0,0,1
1.0,0,1
1.0,0,1
1.0,0,1
1.0,0,1
1.0,0,1
1.0,0,1
1.0,0,1
1.0,0,1
1.0,0,1
1.0,0,1
0.99,0,1
1.0,0,1
0.99,0,1
1.0,0,1
1.0,0,1
0.99,0,1
0.99,0,1
1.0,0,1
1.0,0,1
0.99,0,1
0.99,0,1
0.99,0,1
1.0,0,1
0.98,0,1
0.98,0,1
1.0,0,1
1.0,0,1
1.0,0,1
1.0,0,1
1.0,0,1
1.0,0,1
1.0,0,1
0.99,0,1
0.99,0,1
0.99,0,1
1.0,0,1
1.0,0,1
1.0,0,1
1.0,0,1
1.0,0,1
1.0,0,1
1.0,0,1
0.94,0,1
0.99,0,1
0.99,0,1
1.0,0,1
1.0,0,1
1.0,0,1
0.99,0,1
0.99,0,1
1.0,0,1
1.0,0,1
1.0,0,1
1.0,0,1
1.0,0,1
0.99,0,1
1.0,0,1
1.0,0,1
0.96,0,1
0.99,0,1
0.97,0,1
1.0,0,1
1.0,0,1
0.93,0,1
0.98,0,1
1.0,0,1
1.0,0,1
0.99,0,1
1.0,0,1
1.0,0,1
0.99,0,1
0.99,0,1
1.0,0,1
1.0,0,1
0.99,0,1
1.0,0,1
1.0,0,1
0.98,0,1
1.0,0,1
0.95,0,1
0.97,0,1
1.0,0,1
1.0,0,1
0.99,0,1
0.98,0,1
0.99,0,1
1.0,0,1
1.0,0,1
1.0,0,1
0.98,0,1
0.99,0,1
1.0,0,1
0.99,0,1
1.0,0,1
1.0,0,1
0.97,0,1
1.0,0,1
1.0,0,1
1.0,0,1
1.0,0,1
1.0,0,1
0.99,0,1
1.0,0,1
0.99,0,1
0.99,0,1
0.97,0,1
1.0,0,1
1.0,0,1
1.0,0,1
1.0,0,1
0.98,0,1
0.99,0,1
1.0,0,1
0.98,0,1
0.98,0,1
1.0,0,1
0.97,0,1
1.0,0,1
0.97,0,1
0.96,0,1
1.0,0,1
1.0,0,1
1.0,0,1
0.99,0,1
0.99,0,1
1.0,0,1
1.0,0,1
1.0,0,1
1.0,0,1
1.0,0,1
0.99,0,1
0.94,0,1
1.0,0,1
0.99,0,1
0.99,0,1
1.0,0,1
0.99,0,1
0.99,0,1
0.99,0,1
1.0,0,1
1.0,0,1
0.95,0,1
1.0,0,1
0.78,1,1
0.71,1,1
1.0,1,1
1.0,1,1
0.99,1,1
1.0,1,1
0.99,1,1
0.99,1,1
0.87,1,1
1.0,1,1
0.77,1,1
1.0,1,1
0.98,1,1
1.0,1,1
0.83,1,1
0.78,1,1
0.98,1,1
0.99,1,1
1.0,1,1
1.0,1,1
0.99,1,1
1.0,1,1
0.99,1,1
0.99,1,1
0.99,1,1
1.0,1,1
0.68,1,1
1.0,1,1
0.99,1,1
0.99,1,1
1.0,1,1
1.0,1,1
0.99,1,1
0.99,1,1
1.0,1,1
0.74,1,1
1.0,1,1
0.62,1,1
0.9,1,1
1.0,1,1
0.98,1,1
0.97,1,1
0.85,1,1
0.99,1,1
0.99,1,1
1.0,1,1
0.81,1,1
1.0,1,1
0.98,1,1
1.0,1,1
1.0,1,1
0.79,1,1
1.0,1,1
0.86,1,1
0.72,1,1
0.64,1,1
0.78,1,1
0.99,1,1
0.79,1,1
1.0,1,1
0.98,1,1
1.0,1,1
0.81,1,1
0.98,1,1
1.0,1,1
1.0,1,1
1.0,1,1
1.0,1,1
1.0,1,1
1.0,1,1
1.0,1,1
0.99,1,1
1.0,1,1
0.99,1,1
0.67,1,1
0.72,1,1
0.78,1,1
1.0,1,1
0.99,1,1
1.0,1,1
0.81,1,1
0.99,1,1
1.0,1,1
0.99,1,1
1.0,1,1
0.98,1,1
1.0,1,1
0.99,1,1
1.0,1,1
1.0,1,1
0.81,1,1
0.76,1,1
0.82,1,1
1.0,1,1
0.98,1,1
0.69,1,1
0.99,1,1
1.0,1,1
1.0,1,1
0.73,1,1
0.99,1,1
0.85,1,1
0.99,1,1
0.98,1,1
1.0,1,1
1.0,1,1
0.99,1,1
1.0,1,1
0.97,1,1
1.0,1,1
0.81,1,1
0.99,1,1
0.98,1,1
0.9,1,1
0.99,1,1
1.0,1,1
1.0,1,1
1.0,1,1
0.98,1,1
1.0,1,1
0.99,1,1
1.0,1,1
1.0,1,1
1.0,1,1
1.0,1,1
0.99,1,1
0.99,1,1
0.99,1,1
0.99,1,1
0.99,1,1
1.0,1,1
1.0,1,1
0.99,1,1
0.95,1,1
0.99,1,1
0.82,1,1
1.0,1,1
0.99,1,1
0.79,1,1
0.99,1,1
1.0,1,1
0.8,1,1
0.98,1,1
0.92,1,1
0.99,1,1
0.83,1,1
0.74,1,1
0.82,1,1
0.9,1,1
0.81,1,1
1.0,1,1
1.0,1,1
0.99,1,1
0.99,1,1
0.99,1,1
0.99,1,1
1.0,1,1
1.0,1,1
0.87,1,1
0.98,1,1
1.0,1,1
1.0,1,1
0.98,1,1
0.75,1,1
0.73,1,1
0.99,1,1
1.0,1,1
0.98,1,1
0.97,1,1
1.0,1,1
0.72,1,1
1.0,1,1
0.97,1,1
1.0,1,1
0.98,1,1
0.99,1,1
1.0,1,1
1.0,1,1
1.0,1,1
0.8,1,1
0.99,1,1
1.0,1,1
0.98,1,1
1.0,1,1
0.99,1,1
0.78,1,1
0.99,1,1
0.99,1,1
0.97,1,1
1.0,1,1
0.99,1,1
1.0,1,1
1.0,1,1
1.0,1,1
0.99,1,1
0.94,1,1
0.99,1,1
1.0,1,1
0.86,1,1
0.71,1,1
0.98,1,1
0.76,1,1
0.97,1,1
0.98,1,1
0.98,1,1
1.0,1,1
0.77,1,1
0.99,1,1
0.98,1,1
1.0,1,1
0.78,1,1
0.6,1,1
0.73,1,1
0.99,1,1
0.99,1,1
0.81,1,1
1.0,1,1
1.0,1,1
1.0,1,1
0.99,0,0
1.0,0,0
0.99,0,0
0.98,0,0
0.98,0,0
1.0,0,0
1.0,0,0
0.98,0,0
0.99,0,0
1.0,0,0
0.98,0,0
0.98,0,0
0.99,0,0
0.98,0,0
0.97,0,0
1.0,1,0
0.99,0,0
0.99,0,0
0.99,0,0
0.98,1,0
0.99,0,0
1.0,0,0
1.0,0,0
0.99,0,0
1.0,1,0
0.99,0,0
0.99,1,0
1.0,0,0
0.99,1,0
1.0,1,0
1.0,0,0
1.0,0,0
1.0,1,0
0.99,0,0
0.64,0,0
0.99,0,0
0.99,0,0
0.95,0,0
1.0,0,0
1.0,1,0
0.98,1,0
1.0,0,0
1.0,0,0
0.99,0,0
1.0,1,0
1.0,0,0
1.0,0,0
0.99,0,0
0.99,1,0
1.0,0,0
0.99,0,0
0.99,0,0
1.0,0,0
0.98,0,0
0.98,0,0
0.98,0,0
0.99,0,0
0.75,1,0
1.0,0,0
1.0,0,0
0.99,1,0
1.0,1,0
0.75,1,0
1.0,0,0
0.99,0,0
0.98,0,0
1.0,0,0
0.97,0,0
1.0,0,0
1.0,0,0
0.99,0,0
1.0,1,0
0.99,0,0
1.0,0,0
1.0,0,0
1.0,0,0
1.0,0,0
0.97,0,0
0.99,1,0
1.0,0,0
0.99,0,0
0.99,1,0
0.79,1,0
0.98,1,0
1.0,0,0
1.0,0,0
0.77,1,0
1.0,0,0
1.0,0,0
1.0,0,0
1.0,0,0
1.0,0,0
1.0,0,0
0.99,1,0
0.99,1,0
1.0,0,0
1.0,0,0
1.0,0,0
1.0,0,0
0.98,0,0
1.0,0,0
1.0,0,0
1.0,0,0
1.0,0,0
1.0,0,0
0.99,0,0
1.0,0,0
1.0,1,0
0.97,0,0
0.98,0,0
1.0,0,0
1.0,0,0
0.91,1,0
0.99,0,0
0.99,0,0
1.0,0,0
1.0,0,0
0.98,0,0
1.0,0,0
1.0,1,0
1.0,0,0
1.0,0,0
0.99,0,0
1.0,1,0
0.85,1,0
1.0,1,0
0.54,1,0
1.0,0,0
0.99,1,0
1.0,1,0
1.0,0,0
1.0,0,0
0.99,0,0
1.0,0,0
1.0,0,0
1.0,0,0
0.98,1,0
1.0,0,0
1.0,0,0
0.98,1,0
1.0,0,0
0.98,0,0
1.0,0,0
1.0,0,0
0.99,1,0
0.88,0,0
1.0,0,0
1.0,0,0
1.0,0,0
0.99,0,0
0.98,0,0
1.0,0,0
0.99,1,0
1.0,0,0
1.0,0,0
0.99,0,0
0.92,1,0
1.0,0,0
1.0,1,0
1.0,1,0
1.0,0,0
1.0,1,0
0.99,1,0
0.99,0,0
1.0,1,0
0.99,1,0
1.0,0,0
0.99,0,0
1.0,0,0
0.98,0,0
0.99,0,0
1.0,0,0
1.0,1,0
1.0,1,0
0.99,1,0
1.0,0,0
1.0,0,0
1.0,1,0
1.0,0,0
0.82,0,0
0.95,0,0
0.99,0,0
0.99,0,0
1.0,0,0
1.0,0,0
1.0,0,0
0.99,1,0
1.0,1,0
1.0,0,0
1.0,1,0
1.0,0,0
1.0,0,0
0.98,1,0
0.97,1,0
0.98,1,0
1.0,1,0
0.99,0,0
1.0,0,0
0.83,1,0
1.0,0,0
1.0,0,0
1.0,0,0
0.98,0,0
0.99,1,0
1.0,0,0
0.98,1,0
1.0,0,0
1.0,0,0
0.99,0,0
0.99,0,0
1.0,1,0
1.0,0,0
1.0,1,0
0.99,0,0
0.99,0,0
1.0,1,0
1.0,0,0
0.99,0,0
0.99,0,0
1.0,0,0
1.0,0,0
0.99,0,0
0.99,0,0
1.0,0,0
0.99,0,0
1.0,0,0
0.99,1,0
1.0,0,0
0.99,0,0
0.98,0,0
0.99,0,0
0.99,1,0
0.99,1,0
1.0,0,0
1.0,0,0
0.99,0,0
1.0,0,0
0.99,0,0
1.0,0,0
0.99,0,0
1.0,0,0
1.0,0,0
1.0,0,0
0.75,1,0
0.99,0,0
1.0,0,0
1.0,0,0
1.0,0,0
0.98,1,0
1.0,1,0
1.0,0,0
0.99,1,0
1.0,0,0
1.0,0,0
0.99,0,0
1.0,0,0
0.99,1,0
0.99,0,0
0.99,0,0
1.0,0,0
0.99,0,0
0.99,0,0
0.99,1,0
0.97,0,0
1.0,0,0
1.0,0,0
0.98,1,0
0.99,0,0
1.0,1,0
1.0,0,0
1.0,0,0
0.98,0,0
1.0,1,0
0.99,0,0
0.99,0,0
1.0,0,0
1.0,0,0
1.0,0,0
1.0,0,0
1.0,0,0
0.78,1,0
0.98,0,0
0.99,0,0
1.0,1,0
0.99,1,0
0.86,1,0
0.99,0,0
1.0,1,0
1.0,0,0
1.0,0,0
1.0,1,0
0.97,1,0
1.0,0,0
0.99,0,0
1.0,0,0
1.0,1,0
1.0,0,0
1.0,0,0
0.98,0,0
1.0,0,0
1.0,1,0
0.99,0,0
