              precision    recall  f1-score   support

           0       1.00      1.00      1.00        20
           1       1.00      1.00      1.00        23
           2       1.00      1.00      1.00        17
           3       1.00      1.00      1.00        22
           4       1.00      1.00      1.00        22
           5       1.00      1.00      1.00        16
           6       1.00      1.00      1.00        25
           7       1.00      1.00      1.00        30
           8       1.00      1.00      1.00        19
           9       1.00      1.00      1.00        18
          10       1.00      1.00      1.00        21
          11       1.00      1.00      1.00        17
          12       1.00      1.00      1.00        15
          13       1.00      1.00      1.00        16
          14       1.00      1.00      1.00        19

    accuracy                           1.00       300
   macro avg       1.00      1.00      1.00       300
weighted avg       1.00      1.00      1.00       300
