              precision    recall  f1-score   support

           0       1.00      1.00      1.00        20
           1       1.00      1.00      1.00        17
           2       1.00      1.00      1.00        17
           3       1.00      1.00      1.00        25
           4       1.00      1.00      1.00        14
           5       1.00      1.00      1.00        32
           6       1.00      1.00      1.00        20
           7       1.00      1.00      1.00        18
           8       1.00      1.00      1.00        18
           9       1.00      1.00      1.00        20
          10       1.00      1.00      1.00        13
          11       1.00      1.00      1.00        26
          12       1.00      1.00      1.00        22
          13       1.00      1.00      1.00        23
          14       1.00      1.00      1.00        15

    accuracy                           1.00       300
   macro avg       1.00      1.00      1.00       300
weighted avg       1.00      1.00      1.00       300
