              precision    recall  f1-score   support

           0       1.00      1.00      1.00        17
           1       1.00      1.00      1.00        26
           2       1.00      1.00      1.00        14
           3       1.00      1.00      1.00        22
           4       1.00      1.00      1.00        12
           5       1.00      1.00      1.00        25
           6       1.00      1.00      1.00        18
           7       1.00      1.00      1.00        25
           8       1.00      1.00      1.00        21
           9       1.00      1.00      1.00        20
          10       1.00      1.00      1.00        26
          11       1.00      1.00      1.00        17
          12       1.00      1.00      1.00        19
          13       1.00      1.00      1.00        21
          14       1.00      1.00      1.00        17

    accuracy                           1.00       300
   macro avg       1.00      1.00      1.00       300
weighted avg       1.00      1.00      1.00       300
