0,class_label,target_label
0.99,0,1
0.98,0,1
0.93,0,1
0.97,0,1
0.97,0,1
0.98,0,1
0.97,0,1
1.0,0,1
0.98,0,1
1.0,0,1
0.98,0,1
1.0,0,1
0.99,0,1
0.99,0,1
0.97,0,1
0.98,0,1
0.98,0,1
0.97,0,1
0.99,0,1
0.98,0,1
0.95,0,1
0.98,0,1
0.99,0,1
1.0,0,1
0.98,0,1
0.98,0,1
0.99,0,1
0.99,0,1
0.97,0,1
0.98,0,1
0.96,0,1
0.98,0,1
1.0,0,1
0.98,0,1
0.95,0,1
0.99,0,1
1.0,0,1
1.0,0,1
1.0,0,1
0.99,0,1
0.97,0,1
0.96,0,1
0.97,0,1
0.97,0,1
0.97,0,1
0.99,0,1
1.0,0,1
0.96,0,1
0.99,0,1
0.96,0,1
0.99,0,1
1.0,0,1
1.0,0,1
0.99,0,1
1.0,0,1
0.98,0,1
0.99,0,1
0.97,0,1
0.98,0,1
0.98,0,1
0.97,0,1
1.0,0,1
0.99,0,1
0.98,0,1
0.98,0,1
0.99,0,1
0.98,0,1
0.99,0,1
0.98,0,1
0.98,0,1
0.99,0,1
0.98,0,1
0.96,0,1
1.0,0,1
0.96,0,1
1.0,0,1
0.97,0,1
0.99,0,1
0.96,0,1
0.98,0,1
1.0,0,1
1.0,0,1
0.97,0,1
1.0,0,1
0.96,0,1
0.99,0,1
1.0,0,1
0.99,0,1
0.97,0,1
1.0,0,1
1.0,0,1
0.98,0,1
0.98,0,1
0.98,0,1
0.98,0,1
1.0,0,1
0.99,0,1
1.0,0,1
0.98,0,1
0.99,0,1
0.99,0,1
0.99,0,1
0.95,0,1
0.93,0,1
0.95,0,1
0.96,0,1
1.0,0,1
0.99,0,1
0.98,0,1
0.98,0,1
0.94,0,1
0.99,0,1
1.0,0,1
0.93,0,1
0.99,0,1
1.0,0,1
0.99,0,1
0.96,0,1
0.99,0,1
0.99,0,1
0.99,0,1
1.0,0,1
0.99,0,1
0.98,0,1
0.96,0,1
0.97,0,1
0.99,0,1
0.98,0,1
0.98,0,1
0.99,0,1
0.96,0,1
0.99,0,1
0.99,0,1
0.98,0,1
0.99,0,1
0.98,0,1
0.99,0,1
0.98,0,1
1.0,0,1
0.99,0,1
0.98,0,1
0.98,0,1
0.99,0,1
0.98,0,1
0.96,0,1
0.99,0,1
0.99,0,1
0.95,0,1
0.97,0,1
1.0,0,1
0.97,0,1
0.98,0,1
0.99,0,1
0.99,0,1
0.99,0,1
0.98,0,1
1.0,0,1
0.96,0,1
1.0,0,1
0.98,0,1
0.99,0,1
1.0,0,1
0.99,0,1
0.98,0,1
0.98,0,1
0.99,0,1
0.97,0,1
0.99,0,1
0.96,0,1
0.96,0,1
0.96,0,1
0.99,0,1
0.98,0,1
1.0,0,1
0.95,0,1
0.98,0,1
0.98,0,1
0.99,0,1
0.98,0,1
0.95,0,1
0.98,0,1
1.0,0,1
0.98,0,1
0.99,0,1
0.98,0,1
1.0,0,1
0.99,0,1
0.98,0,1
1.0,0,1
0.98,0,1
0.98,0,1
0.95,0,1
0.99,0,1
0.98,0,1
0.99,0,1
0.98,0,1
0.97,0,1
0.98,0,1
0.96,0,1
1.0,0,1
0.96,0,1
0.96,0,1
0.98,0,1
0.98,0,1
0.98,0,1
0.98,0,1
0.99,0,1
0.92,0,1
1.0,0,1
1.0,0,1
0.98,0,1
0.93,0,1
0.9,0,1
0.96,0,1
0.99,0,1
1.0,0,1
1.0,0,1
0.99,0,1
0.95,0,1
0.98,0,1
1.0,0,1
1.0,0,1
0.97,0,1
0.99,0,1
0.96,0,1
0.96,0,1
0.86,1,1
0.97,1,1
0.97,1,1
1.0,1,1
1.0,1,1
0.97,1,1
0.91,1,1
0.97,1,1
0.99,1,1
0.9,1,1
0.99,1,1
0.97,1,1
0.99,1,1
0.95,1,1
0.98,1,1
0.83,1,1
0.99,1,1
1.0,1,1
0.99,1,1
0.95,1,1
0.98,1,1
0.99,1,1
0.98,1,1
0.84,1,1
1.0,1,1
0.96,1,1
0.85,1,1
0.97,1,1
0.86,1,1
0.78,1,1
0.97,1,1
0.98,1,1
0.97,1,1
0.83,1,1
0.99,1,1
0.99,1,1
0.98,1,1
0.99,1,1
1.0,1,1
0.98,1,1
0.81,1,1
0.96,1,1
0.97,1,1
0.99,1,1
0.73,1,1
0.96,1,1
0.95,1,1
0.99,1,1
0.99,1,1
0.94,1,1
0.97,1,1
0.97,1,1
0.99,1,1
0.99,1,1
0.97,1,1
0.96,1,1
1.0,1,1
0.96,1,1
0.76,1,1
0.98,1,1
0.96,1,1
0.97,1,1
0.99,1,1
0.94,1,1
0.97,1,1
0.98,1,1
0.97,1,1
0.98,1,1
0.98,1,1
0.99,1,1
0.93,1,1
0.94,1,1
0.98,1,1
0.9,1,1
0.98,1,1
0.79,1,1
0.88,1,1
0.93,1,1
0.99,1,1
0.97,1,1
0.71,1,1
1.0,1,1
1.0,1,1
0.96,1,1
1.0,1,1
0.99,1,1
1.0,1,1
0.99,1,1
0.69,1,1
0.97,1,1
0.94,1,1
0.8,1,1
0.83,1,1
0.99,1,1
0.99,1,1
0.99,1,1
0.99,1,1
0.75,1,1
0.97,1,1
0.99,1,1
0.71,1,1
0.97,1,1
0.97,1,1
0.98,1,1
0.98,1,1
0.99,1,1
0.99,1,1
0.87,1,1
0.94,1,1
0.98,1,1
0.99,1,1
0.85,1,1
1.0,1,1
0.98,1,1
0.97,1,1
0.74,1,1
0.99,1,1
0.87,1,1
0.99,1,1
1.0,1,1
0.98,1,1
0.99,1,1
0.98,1,1
1.0,1,1
0.98,1,1
0.98,1,1
0.78,1,1
0.99,1,1
0.97,1,1
0.99,1,1
0.98,1,1
0.97,1,1
0.94,1,1
0.83,1,1
0.8,1,1
0.87,1,1
0.97,1,1
1.0,1,1
0.98,1,1
0.87,1,1
0.96,1,1
1.0,1,1
0.95,1,1
0.97,1,1
0.86,1,1
0.98,1,1
0.96,1,1
0.77,1,1
0.97,1,1
0.83,1,1
0.98,1,1
0.99,1,1
0.74,1,1
0.99,1,1
1.0,1,1
0.95,1,1
0.95,1,1
1.0,1,1
0.79,1,1
0.98,1,1
1.0,1,1
0.99,1,1
0.98,1,1
1.0,1,1
1.0,1,1
0.99,1,1
1.0,1,1
0.93,1,1
0.99,1,1
0.78,1,1
0.99,1,1
0.96,1,1
0.97,1,1
0.97,1,1
0.99,1,1
0.97,1,1
0.66,1,1
0.86,1,1
0.98,1,1
1.0,1,1
0.99,1,1
0.9,1,1
0.99,1,1
0.98,1,1
0.97,1,1
0.99,1,1
0.97,1,1
0.99,1,1
1.0,1,1
1.0,1,1
0.96,1,1
0.98,1,1
0.89,1,1
0.99,1,1
0.78,1,1
1.0,1,1
0.98,1,1
0.99,1,1
0.84,1,1
0.99,1,1
1.0,1,1
0.95,1,1
0.98,1,1
0.97,1,1
0.99,1,1
0.98,1,1
0.98,1,1
0.85,1,1
1.0,1,1
1.0,1,1
0.94,1,1
1.0,1,1
0.97,1,1
0.96,1,1
0.97,1,1
0.97,1,1
0.98,1,1
0.96,1,1
0.98,1,1
0.72,1,1
0.86,1,1
0.98,1,1
1.0,1,1
0.96,1,1
0.99,1,1
0.85,1,1
0.98,1,0
0.98,0,0
0.97,0,0
0.98,0,0
0.99,0,0
0.94,1,0
0.98,0,0
0.99,0,0
1.0,1,0
0.96,0,0
0.97,0,0
1.0,0,0
0.99,0,0
1.0,0,0
0.98,0,0
0.99,0,0
1.0,0,0
1.0,0,0
0.7,1,0
0.98,1,0
0.96,1,0
0.98,0,0
1.0,1,0
0.99,1,0
0.94,0,0
1.0,0,0
0.98,0,0
0.94,1,0
0.99,1,0
0.99,1,0
1.0,1,0
0.93,0,0
1.0,0,0
0.98,0,0
0.99,0,0
0.91,0,0
0.99,0,0
0.98,0,0
0.95,0,0
1.0,0,0
0.99,0,0
0.99,0,0
0.98,0,0
0.95,0,0
0.99,0,0
0.97,1,0
0.95,0,0
0.99,1,0
0.98,0,0
1.0,0,0
0.98,0,0
0.95,0,0
0.99,0,0
1.0,0,0
0.98,0,0
0.95,0,0
1.0,0,0
0.99,0,0
0.96,0,0
0.99,0,0
0.99,0,0
0.97,0,0
0.98,0,0
0.99,0,0
1.0,0,0
0.97,0,0
1.0,0,0
0.98,1,0
1.0,0,0
1.0,0,0
0.98,1,0
1.0,0,0
0.98,1,0
1.0,0,0
0.99,1,0
0.97,1,0
0.98,0,0
0.99,0,0
1.0,0,0
0.98,0,0
0.99,0,0
0.98,0,0
0.98,1,0
0.99,1,0
1.0,0,0
1.0,0,0
0.99,0,0
0.99,0,0
1.0,0,0
0.98,0,0
1.0,0,0
1.0,0,0
0.97,0,0
1.0,0,0
0.97,0,0
0.98,1,0
1.0,0,0
1.0,1,0
0.97,1,0
0.98,1,0
1.0,0,0
0.85,0,0
0.99,0,0
0.99,0,0
0.96,1,0
1.0,0,0
0.99,0,0
0.97,0,0
0.99,1,0
0.99,0,0
1.0,0,0
0.96,0,0
0.99,0,0
1.0,0,0
0.97,0,0
0.97,0,0
0.97,1,0
0.98,0,0
0.94,0,0
0.99,0,0
1.0,1,0
1.0,0,0
0.95,0,0
0.99,0,0
0.98,1,0
1.0,1,0
0.99,0,0
0.99,1,0
0.96,0,0
0.95,0,0
1.0,0,0
0.99,0,0
1.0,0,0
0.96,0,0
1.0,0,0
0.99,1,0
0.95,0,0
0.98,0,0
0.6,1,0
0.99,0,0
0.98,0,0
0.98,0,0
0.98,1,0
0.99,1,0
0.86,1,0
1.0,0,0
1.0,0,0
0.99,0,0
0.99,0,0
0.99,0,0
0.98,1,0
0.99,0,0
0.98,0,0
0.98,1,0
0.97,1,0
1.0,0,0
0.98,0,0
0.99,0,0
0.97,0,0
0.93,0,0
0.99,0,0
1.0,0,0
0.98,0,0
0.98,0,0
0.99,0,0
0.98,1,0
0.98,0,0
0.98,0,0
0.98,0,0
0.98,0,0
0.98,0,0
0.97,0,0
0.99,0,0
0.98,1,0
0.96,0,0
0.97,0,0
0.99,1,0
0.98,0,0
0.98,0,0
1.0,0,0
0.98,0,0
0.99,0,0
1.0,0,0
1.0,0,0
0.96,0,0
0.99,0,0
1.0,0,0
0.98,0,0
0.99,1,0
1.0,0,0
0.98,0,0
1.0,0,0
0.99,0,0
1.0,0,0
0.99,0,0
0.96,0,0
0.97,0,0
0.99,0,0
0.99,0,0
1.0,1,0
0.97,0,0
0.77,1,0
0.81,1,0
0.97,0,0
0.99,0,0
0.98,1,0
0.96,1,0
0.96,0,0
0.98,1,0
1.0,0,0
1.0,0,0
1.0,0,0
0.99,0,0
0.98,0,0
0.98,1,0
0.99,0,0
0.99,0,0
0.99,0,0
0.98,0,0
0.96,1,0
1.0,1,0
0.99,0,0
0.98,0,0
0.96,0,0
0.99,1,0
0.98,1,0
0.99,1,0
0.96,1,0
0.99,0,0
0.99,0,0
0.99,0,0
0.97,0,0
0.98,0,0
0.98,0,0
0.98,1,0
0.97,1,0
1.0,0,0
0.8,1,0
0.98,0,0
0.96,0,0
1.0,0,0
0.97,0,0
0.92,0,0
0.99,1,0
0.97,1,0
0.98,1,0
0.99,1,0
0.99,1,0
0.96,0,0
0.97,0,0
1.0,0,0
0.97,1,0
0.98,1,0
0.98,1,0
0.98,0,0
1.0,0,0
0.99,0,0
0.98,0,0
0.98,1,0
1.0,0,0
0.99,0,0
0.99,1,0
1.0,0,0
0.97,0,0
0.99,0,0
0.99,1,0
0.96,0,0
0.98,0,0
0.99,1,0
0.99,0,0
0.98,1,0
1.0,0,0
0.99,0,0
0.98,0,0
0.98,0,0
0.96,1,0
0.98,0,0
0.99,1,0
0.98,0,0
0.99,0,0
0.99,0,0
0.99,0,0
0.99,0,0
1.0,0,0
0.99,0,0
0.98,0,0
0.96,0,0
0.97,1,0
0.99,0,0
0.99,0,0
0.99,0,0
0.73,1,0
1.0,0,0
0.92,1,0
0.96,1,0
0.81,1,0
0.97,1,0
0.98,1,0
1.0,1,0
0.99,1,0
0.97,0,0
0.96,0,0
