              precision    recall  f1-score   support

           0       0.82      0.45      0.58        80
           1       0.93      0.96      0.94        80
           2       0.89      0.90      0.89        80
           3       0.93      0.95      0.94        80
           4       0.81      0.91      0.86        80
           5       1.00      1.00      1.00        80
           6       1.00      1.00      1.00        80
           7       0.92      1.00      0.96        80
           8       0.93      0.99      0.96        80
           9       1.00      1.00      1.00        80
          10       0.95      0.99      0.97        80
          11       0.97      0.96      0.97        80
          12       1.00      1.00      1.00        80
          13       0.81      0.88      0.84        80
          14       1.00      1.00      1.00        80

    accuracy                           0.93      1200
   macro avg       0.93      0.93      0.93      1200
weighted avg       0.93      0.93      0.93      1200