0,class_label,target_label
0.75,0,1
0.93,0,1
0.49,0,1
0.84,0,1
0.71,0,1
0.77,0,1
0.74,0,1
0.77,0,1
0.57,0,1
0.73,0,1
0.67,0,1
0.81,0,1
0.58,0,1
0.91,0,1
0.77,0,1
0.78,0,1
0.86,0,1
0.81,0,1
0.76,0,1
0.83,0,1
0.86,0,1
0.72,0,1
0.86,0,1
0.75,0,1
0.6,0,1
0.79,0,1
0.81,0,1
0.76,0,1
0.73,0,1
0.65,0,1
0.71,0,1
0.8,0,1
0.78,0,1
0.85,0,1
0.83,0,1
0.84,0,1
0.79,0,1
0.76,0,1
0.86,0,1
0.79,0,1
0.76,0,1
0.88,0,1
0.77,0,1
0.9,0,1
0.73,0,1
0.87,0,1
0.77,0,1
0.82,0,1
0.72,0,1
0.84,0,1
0.77,0,1
0.84,0,1
0.86,0,1
0.61,0,1
0.8,0,1
0.85,0,1
0.79,0,1
0.77,0,1
0.78,0,1
0.7,0,1
0.77,0,1
0.62,0,1
0.73,0,1
0.72,0,1
0.78,0,1
0.82,0,1
0.74,0,1
0.78,0,1
0.93,0,1
0.72,0,1
0.87,0,1
0.78,0,1
0.75,0,1
0.8,0,1
0.75,0,1
0.85,0,1
0.73,0,1
0.82,0,1
0.88,0,1
0.79,0,1
0.69,0,1
0.72,0,1
0.67,0,1
0.79,0,1
0.84,0,1
0.76,0,1
0.89,0,1
0.66,0,1
0.84,0,1
0.66,0,1
0.84,0,1
0.84,0,1
0.92,0,1
0.81,0,1
0.81,0,1
0.87,0,1
0.59,0,1
0.68,0,1
0.78,0,1
0.76,0,1
0.62,0,1
0.86,0,1
0.75,0,1
0.78,0,1
0.9,0,1
0.74,0,1
0.74,0,1
0.74,0,1
0.79,0,1
0.88,0,1
0.82,0,1
0.67,0,1
0.78,0,1
0.74,0,1
0.83,0,1
0.8,0,1
0.76,0,1
0.83,0,1
0.74,0,1
0.83,0,1
0.78,0,1
0.67,0,1
0.74,0,1
0.73,0,1
0.8,0,1
0.88,0,1
0.87,0,1
0.71,0,1
0.89,0,1
0.8,0,1
0.94,0,1
0.79,0,1
0.83,0,1
0.76,0,1
0.7,0,1
0.93,0,1
0.69,0,1
0.87,0,1
0.85,0,1
0.78,0,1
0.57,0,1
0.74,0,1
0.93,0,1
0.75,0,1
0.79,0,1
0.76,0,1
0.59,0,1
0.64,0,1
0.79,0,1
0.91,0,1
0.77,0,1
0.69,0,1
0.77,0,1
0.82,0,1
0.77,0,1
0.87,0,1
0.75,0,1
0.84,0,1
0.76,0,1
0.75,0,1
0.9,0,1
0.73,0,1
0.74,0,1
0.7,0,1
0.8,0,1
0.71,0,1
0.74,0,1
0.73,0,1
0.53,0,1
0.85,0,1
0.74,0,1
0.81,0,1
0.7,0,1
0.76,0,1
0.76,0,1
0.85,0,1
0.78,0,1
0.73,0,1
0.83,0,1
0.89,0,1
0.76,0,1
0.73,0,1
0.82,0,1
0.71,0,1
0.79,0,1
0.9,0,1
0.73,0,1
0.75,0,1
0.86,0,1
0.76,0,1
0.83,0,1
0.79,0,1
0.79,0,1
0.81,0,1
0.79,0,1
0.64,1,1
0.72,1,1
0.59,1,1
0.79,1,1
0.66,1,1
0.74,1,1
0.65,1,1
0.56,1,1
0.87,1,1
0.52,1,1
0.55,1,1
0.78,1,1
0.72,1,1
0.5,1,1
0.57,1,1
0.61,1,1
0.72,1,1
0.69,1,1
0.57,1,1
0.63,1,1
0.83,1,1
1.0,1,1
0.83,1,1
0.7,1,1
0.63,1,1
0.68,1,1
0.72,1,1
0.5,1,1
0.67,1,1
0.6,1,1
0.81,1,1
0.64,1,1
0.74,1,1
0.85,1,1
0.6,1,1
0.79,1,1
0.67,1,1
0.78,1,1
0.81,1,1
0.49,1,1
0.72,1,1
0.64,1,1
0.41,1,1
0.84,1,1
0.71,1,1
0.83,1,1
0.59,1,1
0.64,1,1
0.83,1,1
0.79,1,1
0.68,1,1
0.54,1,1
0.74,1,1
0.54,1,1
0.56,1,1
0.85,1,1
0.64,1,1
0.78,1,1
1.0,1,1
0.77,1,1
0.94,1,1
0.49,1,1
0.78,1,1
0.57,1,1
0.72,1,1
0.5,1,1
0.7,1,1
0.74,1,1
0.62,1,1
0.71,1,1
0.58,1,1
1.0,1,1
0.7,1,1
0.71,1,1
0.63,1,1
0.55,1,1
0.6,1,1
0.44,1,1
0.74,1,1
0.71,1,1
0.6,1,1
0.7,1,1
0.61,1,1
0.69,1,1
0.58,1,1
0.63,1,1
0.45,1,1
0.53,1,1
0.61,1,1
0.67,1,1
0.82,1,1
0.76,1,1
0.67,1,1
0.79,1,1
0.85,1,1
0.74,1,1
0.7,1,1
1.0,1,1
0.61,1,1
0.63,1,1
0.59,1,1
0.55,1,1
0.64,1,1
0.75,1,1
0.4,1,1
0.58,1,1
0.75,1,1
0.51,1,1
0.65,1,1
0.54,1,1
0.63,1,1
0.7,1,1
0.74,1,1
0.73,1,1
0.7,1,1
0.48,1,1
0.64,1,1
0.73,1,1
0.76,1,1
0.7,1,1
0.64,1,1
0.68,1,1
0.82,1,1
0.71,1,1
0.48,1,1
0.76,1,1
0.8,1,1
0.74,1,1
0.69,1,1
0.8,1,1
1.0,1,1
0.92,1,1
0.64,1,1
0.77,1,1
0.57,1,1
0.71,1,1
0.63,1,1
0.64,1,1
0.8,1,1
0.75,1,1
1.0,1,1
0.6,1,1
0.5,1,1
0.69,1,1
0.67,1,1
0.77,1,1
0.48,1,1
0.72,1,1
0.72,1,1
0.42,1,1
0.87,1,1
0.7,1,1
0.68,1,1
0.74,1,1
0.65,1,1
0.8,1,1
0.7,1,1
0.5,1,1
0.67,1,1
0.63,1,1
0.73,1,1
0.69,1,1
0.66,1,1
0.45,1,1
0.78,1,1
0.49,1,1
0.55,1,1
0.67,1,1
0.74,1,1
0.83,1,1
0.57,1,1
0.72,1,1
0.74,1,1
0.69,1,1
0.68,1,1
0.58,1,1
0.58,1,1
0.44,1,1
0.46,1,1
0.7,1,1
0.73,1,1
0.68,1,1
0.53,1,1
1.0,1,1
0.84,1,1
0.55,1,1
0.64,1,1
0.84,1,1
0.63,1,1
0.72,1,1
0.66,1,1
0.88,1,1
0.45,1,1
0.79,1,1
0.62,1,1
0.83,0,0
0.92,0,0
0.71,1,0
0.83,0,0
0.82,0,0
0.65,0,0
0.75,0,0
0.46,1,0
0.94,0,0
0.68,1,0
0.85,1,0
0.85,0,0
0.87,0,0
0.5,1,0
0.91,0,0
0.39,0,0
0.83,0,0
0.78,0,0
0.88,0,0
0.64,0,0
0.81,1,0
0.85,0,0
0.7,0,0
0.83,0,0
0.88,0,0
0.86,0,0
0.5,1,0
0.89,0,0
0.68,0,0
0.7,1,0
0.63,0,0
0.76,0,0
0.73,0,0
0.69,0,0
0.58,0,0
0.78,0,0
0.83,0,0
0.8,1,0
0.77,0,0
0.7,0,0
0.65,0,0
0.67,1,0
0.74,0,0
0.6,0,0
0.78,0,0
0.78,0,0
0.79,0,0
0.82,0,0
0.61,1,0
0.74,0,0
0.83,0,0
0.93,0,0
0.76,0,0
0.68,0,0
0.82,0,0
0.89,0,0
0.7,0,0
0.87,0,0
0.85,0,0
0.61,1,0
0.67,1,0
0.75,1,0
0.72,0,0
0.76,1,0
0.79,1,0
0.88,0,0
0.76,1,0
0.87,0,0
0.63,0,0
0.71,0,0
0.79,0,0
0.72,0,0
0.79,0,0
0.65,1,0
0.67,1,0
0.82,1,0
0.79,0,0
0.76,0,0
0.79,0,0
0.87,0,0
0.75,0,0
0.8,1,0
1.0,0,0
0.95,0,0
0.77,1,0
0.93,0,0
0.88,0,0
0.67,0,0
0.74,0,0
0.71,0,0
0.72,1,0
0.81,0,0
0.84,0,0
0.8,0,0
0.76,0,0
0.61,0,0
0.84,0,0
0.73,1,0
0.62,1,0
0.72,1,0
0.83,0,0
0.73,1,0
0.75,0,0
0.57,1,0
0.86,0,0
0.9,0,0
0.58,0,0
0.82,0,0
0.81,1,0
0.78,0,0
0.84,1,0
0.86,1,0
0.78,0,0
0.83,0,0
0.73,0,0
0.74,1,0
0.83,0,0
0.85,0,0
0.96,0,0
0.83,0,0
0.66,0,0
0.72,1,0
0.73,1,0
0.64,0,0
0.88,0,0
0.76,0,0
0.72,1,0
0.91,1,0
0.93,0,0
0.89,0,0
0.91,0,0
0.77,0,0
0.76,0,0
0.74,0,0
0.61,1,0
0.74,1,0
0.9,0,0
0.67,0,0
0.68,1,0
0.79,1,0
0.85,0,0
0.75,1,0
0.76,0,0
0.96,0,0
0.63,1,0
0.78,0,0
0.76,0,0
0.89,0,0
0.72,0,0
0.75,0,0
0.92,0,0
0.58,0,0
0.83,0,0
0.69,0,0
0.76,0,0
0.61,1,0
0.77,0,0
0.8,0,0
0.72,1,0
0.65,0,0
0.86,0,0
0.85,0,0
0.69,1,0
0.79,1,0
0.79,0,0
0.66,1,0
0.77,0,0
0.76,0,0
0.75,1,0
0.73,0,0
0.72,0,0
0.66,1,0
0.77,1,0
0.57,1,0
0.56,1,0
0.77,1,0
0.73,1,0
0.57,1,0
0.73,0,0
0.82,0,0
0.86,0,0
0.75,0,0
0.86,0,0
0.87,0,0
0.82,0,0
0.93,0,0
0.82,1,0
0.68,1,0
0.88,0,0
0.84,0,0
0.69,0,0
0.7,1,0
0.91,0,0
0.71,1,0
0.58,1,0
0.83,0,0
0.69,0,0
0.75,1,0
0.71,0,0
0.82,0,0
0.77,0,0
0.66,1,0
0.84,1,0
0.48,0,0
0.86,0,0
0.75,0,0
0.62,1,0
0.55,1,0
0.83,0,0
0.75,0,0
0.88,0,0
0.47,1,0
0.67,0,0
0.91,0,0
0.87,0,0
0.77,0,0
0.56,0,0
0.76,0,0
0.61,1,0
0.6,1,0
0.71,0,0
0.82,1,0
0.71,1,0
0.71,0,0
0.75,0,0
0.85,0,0
0.78,0,0
0.76,0,0
0.68,1,0
0.76,0,0
0.74,1,0
0.92,0,0
0.81,0,0
0.96,0,0
0.66,1,0
0.77,0,0
0.74,0,0
0.74,0,0
0.9,0,0
0.81,0,0
0.8,0,0
0.39,0,0
0.92,0,0
0.69,0,0
0.84,0,0
0.93,0,0
0.77,1,0
0.77,0,0
0.74,1,0
0.86,0,0
0.95,0,0
0.47,0,0
0.95,0,0
0.7,1,0
0.77,0,0
0.85,0,0
0.79,0,0
0.83,0,0
0.92,0,0
0.91,0,0
0.78,0,0
0.97,0,0
0.72,0,0
0.76,1,0
0.74,0,0
0.69,0,0
0.91,0,0
0.78,1,0
0.74,0,0
0.85,0,0
0.82,0,0
0.83,0,0
0.73,1,0
0.9,0,0
0.78,0,0
0.74,0,0
0.73,0,0
0.79,1,0
0.52,1,0
0.75,1,0
0.76,0,0
0.75,0,0
1.0,1,0
0.71,0,0
0.86,0,0
0.82,0,0
0.88,0,0
0.81,0,0
0.91,0,0
0.92,0,0
0.84,1,0
0.71,0,0
0.65,1,0
0.77,1,0
0.85,1,0
0.62,1,0
0.83,0,0
0.78,1,0
