              precision    recall  f1-score   support

           0       0.55      0.57      0.56        80
           1       0.70      0.80      0.75        54
           2       0.74      0.87      0.80        60
           3       0.73      0.63      0.68        52
           4       0.66      0.55      0.60        82
           5       0.82      0.89      0.85        63
           6       0.87      0.92      0.90        66
           7       0.63      0.59      0.61        75
           8       0.63      0.78      0.70        58
           9       0.85      0.76      0.80        62
          10       0.80      0.83      0.82        59
          11       0.84      0.77      0.80        64
          12       0.95      0.98      0.97        63
          13       0.74      0.56      0.64        62
          14       0.79      0.88      0.83        60

    accuracy                           0.75       960
   macro avg       0.76      0.76      0.75       960
weighted avg       0.75      0.75      0.75       960
