              precision    recall  f1-score   support

           0       0.54      0.71      0.62        80
           1       0.67      0.63      0.65        54
           2       0.55      0.38      0.45        60
           3       0.68      0.33      0.44        52
           4       0.67      0.56      0.61        82
           5       0.84      0.94      0.89        63
           6       0.86      0.95      0.91        66
           7       0.70      0.79      0.74        75
           8       0.78      0.50      0.61        58
           9       0.74      0.87      0.80        62
          10       0.74      0.85      0.79        59
          11       0.68      0.78      0.72        64
          12       0.90      0.97      0.93        63
          13       0.68      0.71      0.69        62
          14       0.88      0.82      0.84        60

    accuracy                           0.72       960
   macro avg       0.73      0.72      0.71       960
weighted avg       0.72      0.72      0.71       960
