              precision    recall  f1-score   support

           0       0.26      0.45      0.33        80
           1       0.61      0.47      0.54        80
           2       0.49      0.30      0.37        80
           3       0.65      0.28      0.39        80
           4       0.44      0.50      0.47        80
           5       0.83      0.88      0.85        80
           6       0.88      0.94      0.91        80
           7       0.57      0.79      0.66        80
           8       0.63      0.41      0.50        80
           9       0.73      0.82      0.77        80
          10       0.74      0.74      0.74        80
          11       0.64      0.70      0.67        80
          12       0.88      0.95      0.92        80
          13       0.39      0.39      0.39        80
          14       0.85      0.72      0.78        80

    accuracy                           0.62      1200
   macro avg       0.64      0.62      0.62      1200
weighted avg       0.64      0.62      0.62      1200
