              precision    recall  f1-score   support

           0       0.26      0.36      0.30        80
           1       0.68      0.62      0.65        80
           2       0.58      0.70      0.64        80
           3       0.69      0.54      0.61        80
           4       0.50      0.51      0.51        80
           5       0.78      0.81      0.80        80
           6       0.88      0.93      0.90        80
           7       0.39      0.42      0.40        80
           8       0.55      0.56      0.56        80
           9       0.83      0.71      0.77        80
          10       0.76      0.71      0.74        80
          11       0.74      0.68      0.71        80
          12       0.95      0.94      0.94        80
          13       0.53      0.39      0.45        80
          14       0.78      0.81      0.80        80

    accuracy                           0.65      1200
   macro avg       0.66      0.65      0.65      1200
weighted avg       0.66      0.65      0.65      1200
