              precision    recall  f1-score   support

           0       0.22      0.30      0.26        20
           1       0.54      0.50      0.52        14
           2       0.54      0.93      0.68        15
           3       0.59      0.77      0.67        13
           4       0.29      0.19      0.23        21
           5       0.60      0.60      0.60        15
           6       1.00      0.88      0.93        16
           7       0.11      0.11      0.11        19
           8       0.45      0.36      0.40        14
           9       0.71      0.62      0.67        16
          10       0.43      0.40      0.41        15
          11       0.60      0.56      0.58        16
          12       0.93      0.81      0.87        16
          13       0.33      0.27      0.30        15
          14       0.69      0.73      0.71        15

    accuracy                           0.52       240
   macro avg       0.54      0.54      0.53       240
weighted avg       0.52      0.52      0.51       240
