              precision    recall  f1-score   support

           0       0.28      0.50      0.36        20
           1       0.36      0.29      0.32        14
           2       0.14      0.07      0.09        15
           3       0.22      0.15      0.18        13
           4       0.24      0.24      0.24        21
           5       0.71      0.67      0.69        15
           6       1.00      0.75      0.86        16
           7       0.41      0.58      0.48        19
           8       0.40      0.43      0.41        14
           9       0.61      0.69      0.65        16
          10       0.58      0.47      0.52        15
          11       0.46      0.38      0.41        16
          12       0.78      0.88      0.82        16
          13       0.33      0.33      0.33        15
          14       0.58      0.47      0.52        15

    accuracy                           0.46       240
   macro avg       0.47      0.46      0.46       240
weighted avg       0.47      0.46      0.46       240
