              precision    recall  f1-score   support

           0       0.17      0.30      0.22        79
           1       0.54      0.37      0.44        87
           2       0.26      0.12      0.16        94
           3       0.32      0.16      0.22        62
           4       0.39      0.42      0.41        99
           5       0.65      0.76      0.70        70
           6       0.75      0.88      0.81        69
           7       0.50      0.67      0.57        86
           8       0.53      0.33      0.40        80
           9       0.62      0.72      0.67        75
          10       0.67      0.61      0.64        87
          11       0.38      0.49      0.43        75
          12       0.85      0.95      0.90        84
          13       0.25      0.28      0.26        74
          14       0.79      0.48      0.60        79

    accuracy                           0.50      1200
   macro avg       0.51      0.50      0.49      1200
weighted avg       0.51      0.50      0.49      1200
