              precision    recall  f1-score   support

           0       0.15      0.25      0.19        79
           1       0.67      0.56      0.61        87
           2       0.43      0.55      0.48        94
           3       0.38      0.32      0.35        62
           4       0.36      0.33      0.35        99
           5       0.64      0.61      0.63        70
           6       0.79      0.71      0.75        69
           7       0.26      0.24      0.25        86
           8       0.30      0.39      0.34        80
           9       0.56      0.51      0.53        75
          10       0.57      0.46      0.51        87
          11       0.49      0.43      0.46        75
          12       0.86      0.80      0.83        84
          13       0.29      0.19      0.23        74
          14       0.57      0.59      0.58        79

    accuracy                           0.46      1200
   macro avg       0.49      0.46      0.47      1200
weighted avg       0.48      0.46      0.47      1200
