              precision    recall  f1-score   support

           0       0.24      0.12      0.16        64
           1       0.50      0.53      0.52        64
           2       0.35      0.25      0.29        64
           3       0.46      0.53      0.49        64
           4       0.38      0.42      0.40        64
           5       0.71      0.92      0.80        64
           6       0.91      0.81      0.86        64
           7       0.44      0.31      0.37        64
           8       0.46      0.47      0.47        64
           9       0.74      0.86      0.80        64
          10       0.46      0.72      0.56        64
          11       0.45      0.70      0.55        64
          12       0.95      0.94      0.94        64
          13       0.45      0.27      0.33        64
          14       0.84      0.58      0.69        64

    accuracy                           0.56       960
   macro avg       0.56      0.56      0.55       960
weighted avg       0.56      0.56      0.55       960
