              precision    recall  f1-score   support

           0       0.62      0.75      0.68        64
           1       0.93      0.83      0.88        64
           2       0.72      0.81      0.76        64
           3       0.74      0.91      0.82        64
           4       0.89      0.77      0.82        64
           5       0.95      0.94      0.94        64
           6       0.97      0.95      0.96        64
           7       0.86      0.80      0.83        64
           8       0.84      0.81      0.83        64
           9       0.94      0.95      0.95        64
          10       0.83      0.91      0.87        64
          11       0.80      0.75      0.77        64
          12       1.00      0.95      0.98        64
          13       0.83      0.69      0.75        64
          14       0.94      0.94      0.94        64

    accuracy                           0.85       960
   macro avg       0.86      0.85      0.85       960
weighted avg       0.86      0.85      0.85       960
