              precision    recall  f1-score   support

           0       0.28      0.14      0.18        80
           1       0.53      0.57      0.55        80
           2       0.30      0.23      0.26        80
           3       0.42      0.50      0.45        80
           4       0.38      0.41      0.39        80
           5       0.69      0.88      0.77        80
           6       0.92      0.75      0.83        80
           7       0.44      0.34      0.38        80
           8       0.51      0.47      0.49        80
           9       0.73      0.82      0.78        80
          10       0.46      0.71      0.56        80
          11       0.41      0.68      0.51        80
          12       0.91      0.94      0.93        80
          13       0.46      0.24      0.31        80
          14       0.81      0.59      0.68        80

    accuracy                           0.55      1200
   macro avg       0.55      0.55      0.54      1200
weighted avg       0.55      0.55      0.54      1200
