              precision    recall  f1-score   support

           0       0.56      0.64      0.60        80
           1       0.85      0.78      0.81        80
           2       0.63      0.71      0.67        80
           3       0.63      0.82      0.71        80
           4       0.85      0.66      0.75        80
           5       0.94      0.91      0.92        80
           6       0.96      0.94      0.95        80
           7       0.79      0.72      0.76        80
           8       0.78      0.74      0.76        80
           9       0.93      0.93      0.93        80
          10       0.73      0.81      0.77        80
          11       0.71      0.68      0.69        80
          12       0.99      0.95      0.97        80
          13       0.70      0.61      0.65        80
          14       0.89      0.91      0.90        80

    accuracy                           0.79      1200
   macro avg       0.80      0.79      0.79      1200
weighted avg       0.80      0.79      0.79      1200
