              precision    recall  f1-score   support

           0       0.23      0.19      0.21        16
           1       0.56      0.56      0.56        16
           2       0.28      0.31      0.29        16
           3       0.30      0.50      0.37        16
           4       0.57      0.25      0.35        16
           5       0.87      0.81      0.84        16
           6       0.93      0.88      0.90        16
           7       0.50      0.44      0.47        16
           8       0.50      0.44      0.47        16
           9       0.87      0.81      0.84        16
          10       0.37      0.44      0.40        16
          11       0.38      0.38      0.38        16
          12       0.94      0.94      0.94        16
          13       0.29      0.31      0.30        16
          14       0.72      0.81      0.76        16

    accuracy                           0.54       240
   macro avg       0.55      0.54      0.54       240
weighted avg       0.55      0.54      0.54       240
