              precision    recall  f1-score   support

           0       0.60      0.19      0.29        16
           1       0.67      0.75      0.71        16
           2       0.14      0.12      0.13        16
           3       0.27      0.38      0.32        16
           4       0.35      0.38      0.36        16
           5       0.58      0.69      0.63        16
           6       1.00      0.50      0.67        16
           7       0.41      0.44      0.42        16
           8       0.80      0.50      0.62        16
           9       0.69      0.69      0.69        16
          10       0.42      0.69      0.52        16
          11       0.28      0.56      0.38        16
          12       0.79      0.94      0.86        16
          13       0.67      0.12      0.21        16
          14       0.71      0.62      0.67        16

    accuracy                           0.50       240
   macro avg       0.56      0.50      0.50       240
weighted avg       0.56      0.50      0.50       240
