              precision    recall  f1-score   support

           0       0.20      0.11      0.14        79
           1       0.54      0.55      0.55        87
           2       0.26      0.20      0.23        94
           3       0.27      0.34      0.30        62
           4       0.36      0.34      0.35        99
           5       0.59      0.73      0.65        70
           6       0.88      0.67      0.76        69
           7       0.53      0.35      0.42        86
           8       0.38      0.42      0.40        80
           9       0.57      0.81      0.67        75
          10       0.37      0.46      0.41        87
          11       0.32      0.53      0.40        75
          12       0.91      0.83      0.87        84
          13       0.34      0.26      0.29        74
          14       0.81      0.61      0.70        79

    accuracy                           0.48      1200
   macro avg       0.49      0.48      0.48      1200
weighted avg       0.48      0.47      0.47      1200
