              precision    recall  f1-score   support

           0       0.09      0.11      0.10        79
           1       0.45      0.34      0.39        87
           2       0.24      0.28      0.25        94
           3       0.34      0.50      0.41        62
           4       0.45      0.25      0.32        99
           5       0.77      0.61      0.68        70
           6       0.95      0.86      0.90        69
           7       0.44      0.47      0.45        86
           8       0.45      0.38      0.41        80
           9       0.69      0.63      0.66        75
          10       0.50      0.60      0.54        87
          11       0.39      0.43      0.41        75
          12       0.93      0.90      0.92        84
          13       0.23      0.24      0.23        74
          14       0.68      0.75      0.71        79

    accuracy                           0.48      1200
   macro avg       0.51      0.49      0.49      1200
weighted avg       0.50      0.48      0.49      1200
