0,class_label,target_label
1.0,0,1
1.0,0,1
1.0,0,1
1.0,0,1
0.99,0,1
0.99,0,1
1.0,0,1
1.0,0,1
0.98,0,1
1.0,0,1
1.0,0,1
1.0,0,1
0.99,0,1
1.0,0,1
1.0,0,1
1.0,0,1
1.0,0,1
0.99,0,1
1.0,0,1
0.99,0,1
0.99,0,1
1.0,0,1
0.99,0,1
1.0,0,1
1.0,0,1
1.0,0,1
1.0,0,1
0.95,0,1
0.99,0,1
0.99,0,1
1.0,0,1
1.0,0,1
0.99,0,1
1.0,0,1
1.0,0,1
1.0,0,1
1.0,0,1
1.0,0,1
1.0,0,1
0.99,0,1
1.0,0,1
1.0,0,1
1.0,0,1
0.98,0,1
1.0,0,1
0.99,0,1
0.99,0,1
1.0,0,1
0.98,0,1
0.98,0,1
1.0,0,1
0.92,0,1
0.99,0,1
1.0,0,1
1.0,0,1
1.0,0,1
0.98,0,1
1.0,0,1
0.99,0,1
1.0,0,1
0.98,0,1
1.0,0,1
0.95,0,1
1.0,0,1
0.99,0,1
1.0,0,1
1.0,0,1
0.98,0,1
1.0,0,1
0.97,0,1
1.0,0,1
1.0,0,1
0.98,0,1
1.0,0,1
0.91,0,1
1.0,0,1
0.99,0,1
0.99,0,1
0.0,1,1
1.0,0,1
0.97,0,1
1.0,0,1
1.0,0,1
0.99,0,1
0.98,0,1
1.0,0,1
1.0,0,1
1.0,0,1
0.99,0,1
1.0,0,1
1.0,0,1
1.0,0,1
1.0,0,1
1.0,0,1
1.0,0,1
0.0,1,1
1.0,0,1
0.99,0,1
0.99,0,1
0.97,0,1
0.99,0,1
1.0,0,1
0.99,0,1
1.0,0,1
0.99,0,1
1.0,0,1
1.0,0,1
0.98,0,1
0.97,0,1
1.0,0,1
1.0,0,1
1.0,0,1
1.0,0,1
1.0,0,1
1.0,0,1
0.99,0,1
1.0,0,1
1.0,0,1
1.0,0,1
1.0,0,1
1.0,0,1
0.99,0,1
1.0,0,1
0.99,0,1
0.98,0,1
1.0,0,1
0.99,0,1
0.99,0,1
0.96,0,1
1.0,0,1
0.98,0,1
0.99,0,1
0.99,0,1
1.0,0,1
0.99,0,1
1.0,0,1
1.0,0,1
1.0,0,1
1.0,0,1
1.0,0,1
1.0,0,1
0.99,0,1
0.97,0,1
1.0,0,1
0.99,0,1
0.99,0,1
0.99,0,1
1.0,0,1
0.99,0,1
1.0,0,1
1.0,0,1
0.99,0,1
1.0,0,1
1.0,0,1
0.99,0,1
1.0,0,1
0.99,0,1
0.99,0,1
1.0,0,1
0.99,0,1
1.0,0,1
0.99,0,1
1.0,0,1
0.99,0,1
0.0,1,1
1.0,0,1
1.0,0,1
0.99,0,1
1.0,0,1
1.0,0,1
1.0,0,1
1.0,0,1
0.99,0,1
0.99,0,1
0.99,0,1
0.99,0,1
0.0,1,1
0.99,0,1
1.0,0,1
0.99,0,1
1.0,0,1
1.0,0,1
1.0,0,1
1.0,0,1
1.0,0,1
1.0,0,1
1.0,0,1
0.99,0,1
1.0,0,1
1.0,0,1
1.0,0,1
1.0,0,1
1.0,0,1
1.0,0,1
1.0,0,1
0.98,0,1
1.0,0,1
1.0,0,1
0.99,0,1
0.99,0,1
1.0,0,1
1.0,0,1
0.99,0,1
0.99,0,1
1.0,0,1
1.0,0,1
0.99,0,1
1.0,0,1
0.99,0,1
1.0,0,1
1.0,0,1
1.0,0,1
0.97,0,1
1.0,0,1
0.98,0,1
0.99,0,1
1.0,0,1
0.99,0,1
1.0,0,1
0.99,0,1
0.99,0,1
1.0,0,1
1.0,0,1
1.0,0,1
0.99,0,1
1.0,0,1
0.04,1,1
0.0,1,1
0.01,1,1
0.0,1,1
0.0,1,1
0.01,1,1
0.1,1,1
0.01,1,1
0.01,1,1
0.02,1,1
0.0,1,1
0.02,1,1
0.01,1,1
0.0,1,1
0.0,1,1
0.17,1,1
0.02,1,1
0.0,1,1
0.0,1,1
0.01,1,1
0.01,1,1
0.01,1,1
0.0,1,1
0.11,1,1
0.0,1,1
0.03,1,1
0.08,1,1
0.0,1,1
0.2,1,1
0.07,1,1
0.01,1,1
0.0,1,1
0.0,1,1
1.0,1,1
0.02,1,1
0.01,1,1
0.01,1,1
0.01,1,1
0.01,1,1
0.0,0,1
0.05,1,1
0.0,1,1
0.0,1,1
0.0,1,1
0.17,1,1
0.0,1,1
0.01,1,1
0.01,1,1
0.0,1,1
0.04,1,1
0.0,0,1
0.0,0,1
0.02,1,1
0.0,1,1
0.0,1,1
0.03,1,1
0.01,1,1
0.01,1,1
0.21,1,1
0.0,1,1
0.0,0,1
0.0,0,1
0.0,1,1
0.05,1,1
0.0,1,1
0.01,1,1
0.0,1,1
0.01,1,1
0.01,1,1
0.0,1,1
0.05,1,1
0.03,1,1
0.0,1,1
0.01,1,1
0.0,1,1
0.09,1,1
0.07,1,1
0.05,1,1
0.0,1,1
0.01,1,1
0.11,1,1
0.02,1,1
0.0,1,1
0.01,1,1
0.01,1,1
0.0,1,1
0.0,1,1
0.01,1,1
0.16,1,1
0.01,1,1
0.01,1,1
1.0,1,1
1.0,1,1
0.0,0,1
0.0,0,1
0.02,1,1
0.0,0,1
0.68,1,1
0.01,1,1
0.0,1,1
0.52,1,1
0.01,1,1
0.01,1,1
0.0,1,1
0.02,1,1
0.02,1,1
0.0,1,1
0.01,1,1
0.02,1,1
0.02,1,1
0.01,1,1
0.1,1,1
0.0,1,1
0.03,1,1
0.0,0,1
0.0,0,1
0.0,1,1
0.13,1,1
0.0,1,1
0.03,1,1
0.0,1,1
0.0,1,1
0.0,1,1
0.01,1,1
0.01,1,1
0.01,1,1
0.19,1,1
0.0,1,1
0.02,1,1
0.0,1,1
0.03,1,1
0.02,1,1
0.03,1,1
0.04,1,1
1.0,1,1
0.06,1,1
0.09,1,1
0.01,1,1
0.0,1,1
0.07,1,1
0.0,0,1
0.02,1,1
0.05,1,1
0.0,1,1
0.08,1,1
0.0,1,1
0.02,1,1
0.25,1,1
0.05,1,1
0.05,1,1
0.01,1,1
0.0,1,1
0.52,1,1
0.0,0,1
0.01,1,1
0.0,0,1
0.05,1,1
0.0,0,1
0.04,1,1
0.0,1,1
0.01,1,1
0.01,1,1
0.0,1,1
0.0,1,1
0.0,1,1
0.05,1,1
0.01,1,1
0.0,1,1
0.01,1,1
0.06,1,1
0.0,1,1
0.01,1,1
0.02,1,1
0.0,1,1
0.0,0,1
0.02,1,1
0.32,1,1
0.04,1,1
0.0,1,1
0.01,1,1
0.0,1,1
0.01,1,1
0.0,1,1
0.0,1,1
0.03,1,1
0.0,1,1
0.0,1,1
0.0,1,1
0.01,1,1
0.0,0,1
0.02,1,1
0.02,1,1
0.08,1,1
0.03,1,1
0.22,1,1
0.0,0,1
0.0,1,1
0.0,1,1
0.07,1,1
0.0,0,1
0.01,1,1
0.01,1,1
0.02,1,1
0.03,1,1
0.02,1,1
0.04,1,1
0.01,1,1
0.0,0,1
0.01,1,1
0.02,1,1
0.04,1,1
0.0,0,1
0.0,1,1
0.0,1,1
0.01,1,1
0.0,1,1
0.02,1,1
0.0,0,1
0.01,1,1
0.23,1,1
0.04,1,1
0.05,1,1
0.0,0,1
0.02,1,1
0.01,1,1
0.08,1,1
0.02,1,0
0.99,0,0
0.99,0,0
0.97,0,0
1.0,0,0
0.01,1,0
0.99,0,0
1.0,0,0
1.0,0,0
0.99,0,0
1.0,0,0
1.0,0,0
0.99,0,0
0.0,1,0
1.0,0,0
1.0,0,0
0.99,0,0
1.0,0,0
1.0,1,0
0.0,1,0
0.97,0,0
0.99,0,0
0.01,1,0
0.0,1,0
0.95,0,0
1.0,0,0
1.0,0,0
0.0,1,0
0.0,1,0
0.01,1,0
0.0,0,0
1.0,0,0
1.0,0,0
1.0,0,0
1.0,0,0
1.0,0,0
0.98,0,0
1.0,0,0
0.0,1,0
0.99,0,0
1.0,0,0
0.99,0,0
1.0,0,0
0.02,1,0
0.99,0,0
0.0,1,0
0.0,1,0
1.0,0,0
0.97,0,0
1.0,0,0
0.0,1,0
1.0,0,0
1.0,0,0
0.0,1,0
1.0,0,0
0.97,0,0
0.99,0,0
1.0,0,0
0.99,0,0
0.99,0,0
1.0,0,0
1.0,0,0
1.0,0,0
0.99,0,0
1.0,0,0
0.0,1,0
0.99,0,0
0.0,0,0
1.0,0,0
1.0,0,0
0.0,1,0
1.0,0,0
0.01,1,0
0.98,0,0
0.0,0,0
0.04,1,0
1.0,0,0
1.0,0,0
1.0,0,0
1.0,0,0
0.98,0,0
0.97,0,0
0.99,0,0
0.03,1,0
0.98,0,0
1.0,0,0
0.99,0,0
1.0,0,0
0.99,0,0
0.98,0,0
1.0,0,0
1.0,0,0
1.0,0,0
1.0,0,0
0.99,0,0
0.99,0,0
0.0,0,0
0.01,1,0
0.0,1,0
0.97,0,0
1.0,0,0
0.97,0,0
0.97,0,0
1.0,0,0
1.0,0,0
1.0,0,0
0.99,0,0
0.98,0,0
0.0,1,0
1.0,0,0
1.0,0,0
0.99,0,0
1.0,0,0
1.0,0,0
1.0,0,0
0.99,0,0
0.06,1,0
1.0,0,0
1.0,0,0
1.0,0,0
1.0,0,0
1.0,0,0
1.0,0,0
1.0,0,0
1.0,0,0
0.0,0,0
1.0,0,0
1.0,0,0
0.99,0,0
1.0,0,0
1.0,0,0
1.0,0,0
1.0,0,0
1.0,0,0
1.0,0,0
0.0,0,0
1.0,0,0
1.0,0,0
0.5,1,0
1.0,0,0
0.99,0,0
1.0,0,0
0.03,1,0
0.0,0,0
0.0,0,0
1.0,0,0
1.0,0,0
1.0,0,0
0.99,0,0
1.0,0,0
0.02,1,0
1.0,0,0
1.0,0,0
0.02,1,0
0.0,1,0
0.98,0,0
0.98,0,0
0.99,0,0
0.98,0,0
0.99,0,0
0.98,0,0
1.0,0,0
0.99,0,0
0.99,0,0
0.0,1,0
0.01,1,0
0.99,0,0
0.99,0,0
0.97,0,0
1.0,0,0
0.99,0,0
1.0,0,0
1.0,0,0
0.99,0,0
1.0,0,0
0.0,0,0
0.0,1,0
0.99,0,0
1.0,0,0
1.0,0,0
0.98,0,0
1.0,0,0
0.96,0,0
1.0,0,0
1.0,0,0
1.0,0,0
0.99,0,0
0.99,0,0
1.0,0,0
1.0,0,0
1.0,0,0
1.0,0,0
0.98,0,0
1.0,0,0
0.99,0,0
1.0,0,0
1.0,0,0
0.99,0,0
0.99,0,0
0.0,1,0
1.0,0,0
0.44,1,0
0.03,1,0
0.99,0,0
1.0,0,0
0.0,1,0
0.0,1,0
1.0,0,0
0.01,1,0
0.99,0,0
1.0,0,0
1.0,0,0
0.95,0,0
1.0,0,0
0.0,1,0
1.0,0,0
0.98,0,0
0.99,0,0
0.99,0,0
0.0,1,0
0.0,1,0
0.99,0,0
0.98,0,0
0.99,0,0
0.03,1,0
0.02,1,0
0.99,0,0
1.0,0,0
0.98,0,0
1.0,0,0
0.99,0,0
0.99,0,0
0.0,0,0
1.0,0,0
0.0,0,0
1.0,0,0
1.0,0,0
0.14,1,0
1.0,0,0
1.0,0,0
1.0,0,0
1.0,0,0
0.0,1,0
0.0,1,0
0.0,1,0
0.02,1,0
0.0,1,0
0.0,1,0
0.0,1,0
1.0,0,0
0.97,0,0
0.99,0,0
0.0,1,0
0.0,0,0
0.99,0,0
0.99,0,0
1.0,0,0
0.98,0,0
1.0,0,0
1.0,0,0
0.98,0,0
0.0,1,0
1.0,0,0
1.0,0,0
1.0,0,0
1.0,0,0
0.99,0,0
1.0,0,0
1.0,0,0
0.99,0,0
0.0,1,0
0.99,0,0
1.0,0,0
0.99,0,0
0.99,0,0
0.0,0,0
0.0,0,0
0.0,0,0
1.0,0,0
1.0,0,0
1.0,0,0
1.0,0,0
1.0,0,0
0.98,0,0
1.0,0,0
1.0,0,0
0.99,0,0
0.04,1,0
1.0,0,0
1.0,0,0
1.0,0,0
0.22,1,0
1.0,0,0
0.03,1,0
1.0,0,0
0.23,1,0
0.0,0,0
0.01,1,0
0.01,1,0
0.0,1,0
1.0,0,0
1.0,0,0
