0,class_label,target_label
0.97,0,1
0.97,0,1
0.99,0,1
0.98,0,1
0.0,1,1
1.0,0,1
0.99,0,1
0.96,0,1
1.0,0,1
1.0,0,1
0.99,0,1
1.0,0,1
0.99,0,1
0.99,0,1
0.98,0,1
0.99,0,1
1.0,0,1
1.0,0,1
1.0,0,1
0.0,1,1
1.0,0,1
0.95,0,1
1.0,0,1
0.99,0,1
0.98,0,1
0.98,0,1
0.99,0,1
0.99,0,1
0.93,0,1
0.98,0,1
0.97,0,1
1.0,0,1
0.99,0,1
1.0,0,1
0.99,0,1
0.96,0,1
0.93,0,1
0.98,0,1
0.0,1,1
1.0,0,1
0.95,0,1
1.0,0,1
1.0,0,1
0.97,0,1
1.0,0,1
0.99,0,1
0.99,0,1
0.97,0,1
0.99,0,1
1.0,0,1
0.0,1,1
0.98,0,1
0.99,0,1
0.91,0,1
0.0,1,1
1.0,0,1
0.99,0,1
1.0,0,1
1.0,0,1
0.89,0,1
0.99,0,1
0.99,0,1
0.99,0,1
0.0,1,1
1.0,0,1
0.98,0,1
0.95,0,1
0.99,0,1
0.99,0,1
0.99,0,1
0.96,0,1
1.0,0,1
1.0,0,1
1.0,0,1
0.99,0,1
1.0,0,1
0.99,0,1
0.99,0,1
1.0,0,1
0.99,0,1
0.95,0,1
0.96,0,1
0.96,0,1
0.98,0,1
0.98,0,1
0.99,0,1
0.96,0,1
0.92,0,1
1.0,0,1
1.0,0,1
1.0,0,1
0.99,0,1
0.0,1,1
1.0,0,1
1.0,0,1
0.99,0,1
0.99,0,1
1.0,0,1
1.0,0,1
1.0,0,1
1.0,0,1
0.98,0,1
0.96,0,1
1.0,0,1
1.0,0,1
0.96,0,1
0.98,0,1
0.98,0,1
0.98,0,1
0.97,0,1
0.0,1,1
0.99,0,1
1.0,0,1
0.99,0,1
0.98,0,1
0.97,0,1
0.91,0,1
0.99,0,1
0.96,0,1
0.98,0,1
0.0,1,1
1.0,0,1
1.0,0,1
0.98,0,1
1.0,0,1
1.0,0,1
1.0,0,1
0.99,0,1
0.98,0,1
0.97,0,1
1.0,0,1
0.99,0,1
0.99,0,1
0.98,0,1
0.99,0,1
0.94,0,1
1.0,0,1
0.99,0,1
0.99,0,1
0.97,0,1
0.0,1,1
0.97,0,1
0.99,0,1
0.93,0,1
1.0,0,1
0.97,0,1
0.98,0,1
1.0,0,1
0.97,0,1
1.0,0,1
1.0,0,1
0.99,0,1
1.0,0,1
1.0,0,1
0.99,0,1
0.95,0,1
1.0,0,1
0.98,0,1
0.96,0,1
1.0,0,1
0.97,0,1
1.0,0,1
0.97,0,1
1.0,0,1
0.97,0,1
0.99,0,1
0.97,0,1
0.95,0,1
1.0,0,1
0.96,0,1
0.98,0,1
0.98,0,1
0.99,0,1
1.0,0,1
0.97,0,1
0.99,0,1
1.0,0,1
0.96,0,1
1.0,0,1
0.99,0,1
1.0,0,1
0.98,0,1
0.97,0,1
0.93,0,1
1.0,0,1
0.98,0,1
0.98,0,1
0.98,0,1
0.99,0,1
0.97,0,1
1.0,0,1
0.98,0,1
1.0,0,1
0.98,0,1
0.98,0,1
1.0,0,1
1.0,0,1
0.97,0,1
0.97,0,1
0.98,0,1
0.99,0,1
1.0,0,1
1.0,0,1
1.0,0,1
1.0,0,1
0.99,0,1
0.99,0,1
0.98,0,1
0.99,0,1
0.31,1,1
0.02,1,1
0.01,1,1
0.05,1,1
0.02,1,1
0.29,1,1
0.06,1,1
0.0,1,1
0.04,1,1
0.33,1,1
0.01,1,1
0.03,1,1
0.04,1,1
0.0,1,1
0.0,1,1
0.0,0,1
0.01,1,1
0.24,1,1
0.0,1,1
0.03,1,1
0.04,1,1
0.01,1,1
0.06,1,1
0.03,1,1
0.05,1,1
0.02,1,1
0.02,1,1
0.09,1,1
0.27,1,1
0.44,1,1
0.03,1,1
0.08,1,1
0.09,1,1
0.06,1,1
0.07,1,1
0.03,1,1
0.0,1,1
0.09,1,1
0.02,1,1
0.01,1,1
0.12,1,1
0.02,1,1
0.28,1,1
0.03,1,1
0.01,1,1
0.0,1,1
0.02,1,1
0.08,1,1
0.0,1,1
0.02,1,1
0.01,1,1
0.0,1,1
0.12,1,1
0.02,1,1
0.02,1,1
0.02,1,1
0.23,1,1
0.01,1,1
1.0,1,1
0.0,1,1
0.07,1,1
0.01,1,1
0.01,1,1
0.02,1,1
0.04,1,1
0.06,1,1
0.08,1,1
0.1,1,1
0.0,1,1
0.04,1,1
0.03,1,1
0.02,1,1
0.03,1,1
0.01,1,1
0.01,1,1
0.83,1,1
0.01,1,1
0.1,1,1
0.04,1,1
0.04,1,1
0.03,1,1
0.03,1,1
0.0,1,1
0.02,1,1
0.01,1,1
0.0,1,1
0.04,1,1
0.02,1,1
0.01,1,1
0.0,1,1
0.0,1,1
0.02,1,1
1.0,1,1
0.0,1,1
0.07,1,1
0.02,1,1
0.06,1,1
0.0,1,1
0.02,1,1
0.0,1,1
0.01,1,1
0.02,1,1
0.12,1,1
0.03,1,1
0.06,1,1
0.01,1,1
0.15,1,1
0.0,1,1
0.01,1,1
0.0,1,1
0.01,1,1
0.05,1,1
0.01,1,1
0.0,1,1
0.02,1,1
0.32,1,1
0.07,1,1
0.13,1,1
0.02,1,1
0.03,1,1
0.0,1,1
0.01,1,1
0.05,1,1
0.01,1,1
0.02,1,1
0.0,1,1
0.1,1,1
0.04,1,1
0.01,1,1
0.37,1,1
0.07,1,1
0.01,1,1
0.05,1,1
0.21,1,1
0.05,1,1
0.04,1,1
0.03,1,1
0.01,1,1
0.45,1,1
0.02,1,1
0.02,1,1
0.02,1,1
0.03,1,1
0.0,1,1
0.02,1,1
0.07,1,1
0.0,1,1
0.08,1,1
0.0,1,1
0.11,1,1
0.0,0,1
0.05,1,1
0.01,1,1
1.0,1,1
0.01,1,1
0.01,1,1
0.0,1,1
0.0,1,1
0.05,1,1
0.0,1,1
0.01,1,1
0.06,1,1
0.0,1,1
0.09,1,1
0.03,1,1
0.02,1,1
0.01,1,1
0.17,1,1
0.03,1,1
0.05,1,1
0.0,1,1
0.04,1,1
0.26,1,1
0.03,1,1
1.0,1,1
0.02,1,1
0.01,1,1
0.01,1,1
0.19,1,1
0.19,1,1
0.0,0,1
0.01,1,1
0.0,1,1
0.37,1,1
0.02,1,1
0.43,1,1
0.02,1,1
0.02,1,1
0.0,0,1
0.0,1,1
0.01,1,1
0.02,1,1
0.03,1,1
0.09,1,1
0.04,1,1
0.04,1,1
0.05,1,1
0.0,1,1
0.75,1,1
0.06,1,1
0.0,1,1
0.03,1,1
0.01,1,1
0.0,1,1
0.04,1,1
0.01,1,1
0.12,1,1
0.06,1,1
0.0,1,1
1.0,0,0
0.99,0,0
0.99,0,0
0.0,0,0
0.99,0,0
0.02,1,0
0.99,0,0
0.0,1,0
0.98,0,0
1.0,0,0
0.03,1,0
0.94,0,0
0.98,0,0
0.99,0,0
0.02,1,0
1.0,0,0
0.99,0,0
0.96,0,0
0.0,1,0
1.0,0,0
0.98,0,0
0.0,0,0
1.0,0,0
0.07,1,0
1.0,0,0
0.99,0,0
0.99,0,0
0.05,1,0
0.99,0,0
1.0,0,0
0.0,1,0
0.97,0,0
1.0,0,0
0.99,0,0
1.0,0,0
0.05,1,0
1.0,0,0
0.0,1,0
0.04,1,0
0.02,1,0
0.99,0,0
0.03,1,0
0.98,0,0
0.94,0,0
0.98,0,0
0.99,0,0
0.99,0,0
0.98,0,0
0.98,0,0
1.0,0,0
0.96,0,0
1.0,0,0
0.99,0,0
0.0,1,0
0.05,1,0
1.0,0,0
0.03,1,0
0.94,0,0
0.99,0,0
0.96,0,0
0.99,0,0
1.0,0,0
1.0,0,0
0.99,0,0
0.0,1,0
0.23,1,0
0.99,0,0
0.06,1,0
0.99,0,0
0.99,0,0
0.0,1,0
1.0,0,0
0.99,0,0
0.0,1,0
0.0,1,0
1.0,0,0
1.0,0,0
0.99,0,0
0.0,0,0
0.99,0,0
0.98,0,0
0.0,1,0
0.97,0,0
0.01,1,0
0.98,0,0
0.97,0,0
0.98,0,0
1.0,0,0
1.0,0,0
1.0,0,0
0.98,0,0
0.0,1,0
0.0,1,0
1.0,0,0
0.98,0,0
1.0,0,0
0.98,0,0
0.0,1,0
0.0,1,0
0.94,0,0
1.0,0,0
0.01,1,0
0.0,1,0
1.0,0,0
0.98,0,0
1.0,0,0
1.0,0,0
1.0,0,0
0.98,0,0
0.0,1,0
0.98,0,0
0.98,0,0
0.99,0,0
0.98,0,0
0.0,1,0
0.05,1,0
0.99,0,0
1.0,0,0
0.0,1,0
0.98,0,0
0.97,0,0
0.99,0,0
1.0,0,0
0.0,1,0
0.98,0,0
0.0,1,0
0.04,1,0
0.99,0,0
0.97,0,0
1.0,0,0
1.0,0,0
0.01,1,0
0.99,0,0
1.0,0,0
0.0,1,0
0.2,1,0
1.0,0,0
0.0,1,0
0.99,0,0
0.01,1,0
0.99,0,0
0.0,1,0
0.02,1,0
1.0,0,0
1.0,0,0
1.0,0,0
1.0,0,0
1.0,0,0
0.97,0,0
1.0,0,0
0.03,1,0
0.98,0,0
0.45,1,0
1.0,0,0
0.98,0,0
0.98,0,0
0.0,1,0
0.95,0,0
0.98,0,0
0.99,0,0
0.0,1,0
1.0,0,0
0.99,0,0
0.98,0,0
0.99,0,0
0.0,1,0
0.98,0,0
0.99,0,0
0.01,1,0
1.0,0,0
1.0,0,0
0.99,0,0
0.98,0,0
1.0,0,0
0.99,0,0
0.99,0,0
0.34,1,0
1.0,0,0
0.02,1,0
0.37,1,0
0.0,0,0
1.0,0,0
1.0,0,0
0.0,1,0
0.07,1,0
1.0,0,0
1.0,0,0
0.98,0,0
1.0,0,0
0.99,0,0
0.95,0,0
0.22,1,0
0.0,1,0
0.94,0,0
0.9,0,0
0.97,0,0
0.0,1,0
0.97,0,0
1.0,0,0
0.97,0,0
1.0,0,0
0.0,1,0
0.99,0,0
0.0,1,0
0.98,0,0
0.98,0,0
1.0,0,0
0.12,1,0
0.97,0,0
1.0,0,0
0.08,1,0
1.0,0,0
0.99,0,0
1.0,0,0
0.0,1,0
1.0,0,0
0.99,0,0
0.0,1,0
0.98,0,0
0.98,0,0
0.96,0,0
0.99,0,0
0.0,1,0
0.98,0,0
1.0,0,0
1.0,0,0
0.99,0,0
1.0,0,0
0.98,0,0
0.0,1,0
0.99,0,0
1.0,0,0
0.96,0,0
0.02,1,0
1.0,0,0
0.99,0,0
0.99,0,0
0.95,0,0
0.99,0,0
0.33,1,0
0.58,1,0
0.0,1,0
0.0,1,0
0.02,1,0
0.99,0,0
0.06,1,0
0.99,0,0
0.99,0,0
1.0,0,0
0.99,0,0
0.0,0,0
0.96,0,0
0.99,0,0
1.0,0,0
0.99,0,0
0.98,0,0
0.0,1,0
0.98,0,0
0.0,1,0
0.99,0,0
0.98,0,0
1.0,0,0
1.0,0,0
0.98,0,0
0.99,0,0
0.21,1,0
0.0,1,0
0.0,1,0
1.0,0,0
0.96,0,0
0.99,0,0
1.0,0,0
0.0,1,0
0.0,1,0
0.0,1,0
1.0,0,0
0.95,0,0
0.98,0,0
0.99,0,0
1.0,0,0
0.99,0,0
0.0,0,0
1.0,0,0
0.97,0,0
0.91,0,0
0.99,0,0
1.0,0,0
1.0,0,0
0.0,1,0
0.99,0,0
1.0,0,0
0.98,0,0
0.99,0,0
0.97,0,0
1.0,0,0
1.0,0,0
0.98,0,0
0.98,0,0
1.0,0,0
0.96,0,0
1.0,0,0
1.0,0,0
