0,class_label,target_label
0.95,0,1
1.0,0,1
0.99,0,1
0.95,0,1
0.97,0,1
0.96,0,1
0.97,0,1
0.96,0,1
0.98,0,1
0.98,0,1
0.99,0,1
0.94,0,1
0.97,0,1
0.96,0,1
0.95,0,1
0.99,0,1
0.96,0,1
0.99,0,1
0.95,0,1
0.95,0,1
0.99,0,1
0.98,0,1
0.96,0,1
0.98,0,1
0.96,0,1
0.99,0,1
0.98,0,1
0.97,0,1
0.95,0,1
0.95,0,1
0.94,0,1
1.0,0,1
0.94,0,1
0.93,0,1
0.96,0,1
0.94,0,1
0.97,0,1
0.97,0,1
0.97,0,1
0.99,0,1
0.98,0,1
0.97,0,1
0.96,0,1
0.96,0,1
0.98,0,1
0.95,0,1
0.98,0,1
0.97,0,1
0.98,0,1
0.98,0,1
0.92,0,1
0.97,0,1
1.0,0,1
0.96,0,1
0.96,0,1
1.0,0,1
1.0,0,1
0.98,0,1
0.99,0,1
0.98,0,1
0.98,0,1
0.98,0,1
0.94,0,1
0.96,0,1
0.98,0,1
0.98,0,1
0.95,0,1
0.96,0,1
0.99,0,1
0.94,0,1
0.98,0,1
0.95,0,1
0.92,0,1
0.95,0,1
0.98,0,1
0.98,0,1
1.0,0,1
0.99,0,1
0.97,0,1
0.94,0,1
0.99,0,1
0.87,0,1
0.94,0,1
0.98,0,1
0.95,0,1
0.96,0,1
0.95,0,1
0.95,0,1
0.98,0,1
0.98,0,1
0.96,0,1
0.99,0,1
0.99,0,1
0.95,0,1
0.99,0,1
0.96,0,1
0.97,0,1
0.96,0,1
0.99,0,1
0.97,0,1
0.98,0,1
0.94,0,1
0.99,0,1
0.96,0,1
0.94,0,1
1.0,0,1
0.9,0,1
0.96,0,1
0.96,0,1
0.98,0,1
0.97,0,1
0.98,0,1
0.97,0,1
0.95,0,1
0.96,0,1
0.97,0,1
0.99,0,1
0.97,0,1
0.99,0,1
0.99,0,1
0.99,0,1
0.92,0,1
0.99,0,1
0.96,0,1
1.0,0,1
0.92,0,1
0.99,0,1
0.98,0,1
0.96,0,1
0.93,0,1
0.94,0,1
0.97,0,1
0.96,0,1
0.98,0,1
0.97,0,1
0.59,0,1
0.95,0,1
0.92,0,1
0.99,0,1
0.98,0,1
0.96,0,1
0.95,0,1
1.0,0,1
1.0,0,1
0.97,0,1
0.96,0,1
0.98,0,1
1.0,0,1
0.97,0,1
0.98,0,1
0.99,0,1
0.96,0,1
0.96,0,1
0.94,0,1
0.98,0,1
0.98,0,1
0.97,0,1
0.94,0,1
0.97,0,1
0.91,0,1
0.93,0,1
0.99,0,1
0.96,0,1
0.98,0,1
0.95,0,1
1.0,0,1
0.98,0,1
0.98,0,1
0.98,0,1
0.98,0,1
0.99,0,1
0.93,0,1
0.91,0,1
0.95,0,1
0.76,0,1
0.95,0,1
1.0,0,1
0.96,0,1
0.99,0,1
0.93,0,1
1.0,0,1
0.97,0,1
0.93,0,1
0.96,0,1
0.93,0,1
0.99,0,1
0.98,0,1
0.94,0,1
0.97,0,1
0.98,0,1
0.94,0,1
0.96,0,1
0.99,0,1
0.94,0,1
1.0,0,1
0.96,0,1
0.97,0,1
1.0,0,1
0.99,0,1
0.98,0,1
0.97,0,1
0.99,0,1
0.98,0,1
0.98,0,1
0.97,0,1
0.99,0,1
0.99,0,1
0.98,0,1
0.98,0,1
0.69,1,1
0.97,1,1
0.98,1,1
0.96,1,1
0.56,1,1
0.76,1,1
0.7,1,1
0.99,1,1
0.93,1,1
0.73,1,1
0.93,1,1
0.95,1,1
0.95,1,1
0.97,1,1
0.98,1,1
0.96,1,1
0.98,1,1
0.82,1,1
0.98,1,1
0.97,1,1
0.98,1,1
0.95,1,1
0.56,1,1
0.97,1,1
0.98,1,1
1.0,1,1
0.96,1,1
0.98,1,1
0.69,1,1
0.64,1,1
0.93,1,1
0.95,1,1
0.62,1,1
0.68,1,1
0.89,1,1
0.75,1,1
0.97,1,1
0.64,1,1
0.98,1,1
0.98,1,1
0.75,1,1
0.98,1,1
0.74,1,1
0.98,1,1
0.97,1,1
0.98,1,1
0.95,1,1
0.64,1,1
0.97,1,1
0.99,1,1
0.96,1,1
1.0,1,1
0.57,1,1
0.97,1,1
0.99,1,1
0.95,1,1
0.87,1,1
0.88,1,1
0.68,1,1
0.96,1,1
0.6,1,1
0.97,1,1
0.96,1,1
0.59,1,1
0.96,1,1
0.64,1,1
0.98,1,1
0.67,1,1
0.97,1,1
0.98,1,1
0.97,1,1
0.98,1,1
1.0,1,1
0.98,1,1
0.59,1,1
0.61,1,1
0.94,1,1
0.61,1,1
0.94,1,1
0.97,1,1
0.97,1,1
1.0,1,1
0.98,1,1
0.86,1,1
0.99,1,1
0.98,1,1
0.91,1,1
0.96,1,1
0.98,1,1
0.99,1,1
0.97,1,1
0.96,1,1
0.83,1,1
0.94,1,1
0.52,1,1
0.89,1,1
0.54,1,1
0.96,1,1
0.97,1,1
0.99,1,1
0.98,1,1
0.99,1,1
0.55,1,1
0.95,1,1
0.6,1,1
0.99,1,1
0.7,1,1
0.97,1,1
0.98,1,1
0.98,1,1
0.95,1,1
0.96,1,1
0.6,1,1
0.98,1,1
1.0,1,1
0.83,1,1
0.9,1,1
0.71,1,1
0.52,1,1
0.97,1,1
0.98,1,1
0.95,1,1
0.98,1,1
0.95,1,1
0.98,1,1
0.96,1,1
0.96,1,1
0.98,1,1
0.98,1,1
0.76,1,1
0.54,1,1
0.96,1,1
0.92,1,1
0.67,1,1
0.96,1,1
0.98,1,1
0.96,1,1
0.99,1,1
0.66,1,1
0.98,1,1
0.96,1,1
0.97,1,1
0.93,1,1
0.95,1,1
0.98,1,1
0.68,1,1
0.98,1,1
0.64,1,1
0.99,1,1
0.53,1,1
0.96,1,1
0.99,1,1
0.96,1,1
0.82,1,1
0.96,1,1
0.95,1,1
0.97,1,1
0.97,1,1
0.54,1,1
0.96,1,1
0.96,1,1
0.96,1,1
0.98,1,1
0.58,1,1
0.98,1,1
0.96,1,1
0.98,1,1
0.61,1,1
0.97,1,1
0.89,1,1
1.0,1,1
0.97,1,1
0.84,1,1
0.95,1,1
0.86,1,1
0.97,1,1
0.97,1,1
0.98,1,1
0.67,1,1
0.76,1,1
0.99,1,1
0.91,1,1
0.95,1,1
0.7,1,1
0.96,1,1
0.73,1,1
0.98,1,1
0.96,1,1
0.98,1,1
0.96,1,1
0.93,1,1
0.98,1,1
0.98,1,1
0.64,1,1
0.91,1,1
0.55,1,1
0.97,1,1
0.97,1,1
0.61,1,1
0.55,1,1
0.98,1,1
0.94,1,1
0.95,1,1
0.93,1,1
0.93,1,1
0.97,1,1
0.56,1,1
0.93,1,1
0.97,1,1
0.99,1,0
0.98,0,0
0.95,0,0
0.71,1,0
0.94,0,0
0.96,1,0
1.0,0,0
0.98,1,0
0.96,0,0
0.99,0,0
0.96,1,0
1.0,0,0
0.97,0,0
0.98,0,0
0.95,1,0
0.99,0,0
0.97,0,0
0.99,0,0
0.94,0,0
0.92,0,0
0.97,0,0
0.92,1,0
0.96,0,0
0.66,1,0
0.9,0,0
0.93,1,0
0.99,0,0
0.59,1,0
0.97,0,0
0.99,0,0
0.95,1,0
0.98,0,0
0.99,1,0
0.9,0,0
0.97,0,0
0.97,1,0
1.0,0,0
0.97,0,0
0.98,1,0
0.66,1,0
0.9,0,0
0.91,1,0
0.99,0,0
0.97,0,0
1.0,0,0
0.98,0,0
1.0,0,0
0.95,0,0
1.0,0,0
0.94,0,0
0.95,0,0
0.98,0,0
0.97,0,0
0.97,1,0
0.92,1,0
0.96,0,0
0.97,1,0
1.0,0,0
0.97,0,0
0.99,0,0
0.97,0,0
0.87,0,0
1.0,0,0
0.97,0,0
0.93,1,0
0.81,1,0
0.95,0,0
0.73,1,0
0.95,0,0
0.97,0,0
0.96,1,0
0.97,0,0
0.69,0,0
0.98,1,0
0.98,1,0
0.95,0,0
0.97,0,0
0.99,0,0
0.97,1,0
0.93,0,0
0.92,0,0
0.64,0,0
1.0,0,0
0.91,1,0
0.97,0,0
0.97,0,0
0.95,0,0
1.0,0,0
0.98,0,0
0.96,0,0
0.97,0,0
0.96,1,0
1.0,1,0
0.97,0,0
0.97,0,0
0.92,0,0
0.98,0,0
0.97,1,0
0.96,1,0
0.97,0,0
0.97,0,0
0.97,1,0
0.99,0,0
1.0,0,0
0.97,0,0
0.95,0,0
0.98,0,0
0.96,0,0
0.99,0,0
0.93,1,0
0.99,0,0
0.96,0,0
0.94,0,0
0.97,0,0
0.98,1,0
0.98,1,0
0.98,0,0
0.99,0,0
0.95,0,0
0.95,0,0
0.99,0,0
0.98,0,0
0.91,0,0
1.0,1,0
0.97,0,0
0.99,0,0
0.66,1,0
1.0,0,0
0.98,0,0
0.99,1,0
1.0,0,0
0.64,1,0
0.98,0,0
0.91,0,0
0.91,1,0
0.67,1,0
0.99,0,0
0.97,1,0
0.99,0,0
0.99,1,0
0.98,0,0
0.95,1,0
0.93,1,0
0.98,0,0
0.97,1,0
0.98,0,0
1.0,0,0
0.99,0,0
0.99,0,0
0.96,0,0
0.99,1,0
0.98,0,0
0.84,1,0
0.97,0,0
0.97,0,0
0.96,0,0
0.91,1,0
1.0,0,0
0.94,0,0
0.98,0,0
0.66,1,0
0.99,0,0
0.92,0,0
0.98,0,0
0.99,0,0
0.98,1,0
0.97,0,0
1.0,0,0
0.98,1,0
0.95,0,0
0.96,0,0
0.97,0,0
0.96,0,0
0.96,0,0
0.98,0,0
1.0,0,0
0.76,1,0
0.96,0,0
0.96,1,0
0.95,1,0
0.98,0,0
0.98,0,0
0.96,0,0
0.97,0,0
0.64,1,0
0.96,0,0
0.97,0,0
0.96,0,0
0.99,0,0
0.97,0,0
0.99,0,0
0.74,1,0
0.96,1,0
0.95,0,0
0.94,0,0
0.95,0,0
0.97,1,0
1.0,0,0
0.99,0,0
0.98,0,0
0.94,1,0
0.99,1,0
0.97,0,0
0.95,1,0
0.98,0,0
0.99,0,0
0.99,0,0
0.61,1,0
0.96,0,0
0.96,0,0
0.93,1,0
0.97,0,0
0.97,0,0
0.95,0,0
0.94,1,0
0.99,1,0
0.97,0,0
0.97,0,0
0.96,0,0
0.99,0,0
0.94,1,0
0.91,0,0
0.97,0,0
0.98,0,0
0.97,0,0
0.99,0,0
0.99,0,0
0.98,0,0
0.89,0,0
0.98,0,0
0.99,0,0
0.97,0,0
0.92,0,0
0.99,1,0
0.97,0,0
0.99,1,0
1.0,0,0
0.95,0,0
0.93,0,0
0.69,1,0
0.7,1,0
0.99,1,0
0.97,0,0
0.98,1,0
0.96,0,0
0.97,1,0
0.95,0,0
0.95,0,0
0.98,0,0
0.99,0,0
0.97,1,0
0.97,0,0
1.0,0,0
0.98,0,0
0.96,0,0
0.98,0,0
0.98,0,0
0.98,0,0
0.99,0,0
0.98,0,0
0.98,0,0
0.96,0,0
0.96,0,0
0.94,0,0
0.98,0,0
0.76,1,0
0.98,0,0
0.97,1,0
0.98,0,0
0.95,0,0
0.94,0,0
0.99,0,0
0.94,1,0
0.96,0,0
0.98,0,0
0.99,0,0
0.99,0,0
0.99,0,0
0.96,0,0
0.89,0,0
0.97,0,0
0.96,0,0
0.96,0,0
0.98,0,0
0.98,0,0
0.98,0,0
1.0,0,0
0.98,0,0
0.96,1,0
0.97,0,0
0.98,0,0
0.96,1,0
0.98,0,0
0.94,0,0
0.97,0,0
0.98,0,0
0.98,0,0
0.97,0,0
0.99,0,0
0.97,0,0
0.96,0,0
0.95,0,0
