              precision    recall  f1-score   support

           0       0.45      0.61      0.52        64
           1       0.69      0.83      0.75        64
           2       0.77      0.58      0.66        64
           3       0.67      0.83      0.74        64
           4       0.67      0.61      0.64        64
           5       0.95      0.89      0.92        64
           6       0.95      0.94      0.94        64
           7       0.83      0.75      0.79        64
           8       0.79      0.70      0.74        64
           9       0.89      0.86      0.87        64
          10       0.92      0.75      0.83        64
          11       0.74      0.89      0.81        64
          12       1.00      0.91      0.95        64
          13       0.70      0.73      0.72        64
          14       0.91      0.81      0.86        64

    accuracy                           0.78       960
   macro avg       0.80      0.78      0.78       960
weighted avg       0.80      0.78      0.78       960
