              precision    recall  f1-score   support

           0       0.53      0.31      0.39        64
           1       0.53      0.72      0.61        64
           2       0.43      0.14      0.21        64
           3       0.69      0.28      0.40        64
           4       0.40      0.73      0.52        64
           5       0.92      0.95      0.94        64
           6       0.94      0.92      0.93        64
           7       0.80      0.80      0.80        64
           8       0.52      0.69      0.59        64
           9       0.81      0.81      0.81        64
          10       0.43      0.72      0.54        64
          11       0.66      0.59      0.62        64
          12       0.97      0.95      0.96        64
          13       0.59      0.38      0.46        64
          14       0.87      0.84      0.86        64

    accuracy                           0.66       960
   macro avg       0.67      0.66      0.64       960
weighted avg       0.67      0.66      0.64       960
