              precision    recall  f1-score   support

           0       0.34      0.50      0.41        80
           1       0.64      0.80      0.71        80
           2       0.68      0.51      0.59        80
           3       0.67      0.75      0.71        80
           4       0.63      0.56      0.60        80
           5       0.91      0.86      0.88        80
           6       0.96      0.90      0.93        80
           7       0.76      0.66      0.71        80
           8       0.76      0.66      0.71        80
           9       0.83      0.81      0.82        80
          10       0.89      0.71      0.79        80
          11       0.66      0.84      0.74        80
          12       0.92      0.90      0.91        80
          13       0.61      0.61      0.61        80
          14       0.90      0.80      0.85        80

    accuracy                           0.73      1200
   macro avg       0.75      0.73      0.73      1200
weighted avg       0.75      0.73      0.73      1200
