              precision    recall  f1-score   support

           0       0.42      0.26      0.32        80
           1       0.51      0.69      0.59        80
           2       0.41      0.15      0.22        80
           3       0.65      0.28      0.39        80
           4       0.38      0.68      0.48        80
           5       0.89      0.90      0.89        80
           6       0.85      0.93      0.89        80
           7       0.78      0.79      0.78        80
           8       0.51      0.68      0.58        80
           9       0.81      0.76      0.79        80
          10       0.41      0.65      0.50        80
          11       0.64      0.56      0.60        80
          12       0.96      0.94      0.95        80
          13       0.52      0.33      0.40        80
          14       0.85      0.86      0.86        80

    accuracy                           0.63      1200
   macro avg       0.64      0.63      0.62      1200
weighted avg       0.64      0.63      0.62      1200
