              precision    recall  f1-score   support

           0       0.03      0.06      0.04        16
           1       0.48      0.69      0.56        16
           2       0.33      0.25      0.29        16
           3       0.70      0.44      0.54        16
           4       0.46      0.38      0.41        16
           5       0.75      0.75      0.75        16
           6       1.00      0.75      0.86        16
           7       0.42      0.31      0.36        16
           8       0.62      0.50      0.55        16
           9       0.62      0.62      0.62        16
          10       0.75      0.56      0.64        16
          11       0.40      0.62      0.49        16
          12       0.70      0.88      0.78        16
          13       0.15      0.12      0.14        16
          14       0.86      0.75      0.80        16

    accuracy                           0.51       240
   macro avg       0.55      0.51      0.52       240
weighted avg       0.55      0.51      0.52       240
