              precision    recall  f1-score   support

           0       0.08      0.06      0.07        16
           1       0.43      0.56      0.49        16
           2       0.38      0.19      0.25        16
           3       0.50      0.25      0.33        16
           4       0.26      0.44      0.33        16
           5       0.73      0.69      0.71        16
           6       0.62      0.94      0.75        16
           7       0.71      0.75      0.73        16
           8       0.48      0.62      0.54        16
           9       0.82      0.56      0.67        16
          10       0.29      0.38      0.32        16
          11       0.58      0.44      0.50        16
          12       0.93      0.88      0.90        16
          13       0.22      0.12      0.16        16
          14       0.79      0.94      0.86        16

    accuracy                           0.52       240
   macro avg       0.52      0.52      0.51       240
weighted avg       0.52      0.52      0.51       240
