              precision    recall  f1-score   support

           0       0.12      0.19      0.14        79
           1       0.47      0.60      0.53        87
           2       0.43      0.30      0.35        94
           3       0.40      0.55      0.46        62
           4       0.30      0.21      0.25        99
           5       0.68      0.69      0.68        70
           6       0.76      0.78      0.77        69
           7       0.56      0.45      0.50        86
           8       0.55      0.45      0.50        80
           9       0.64      0.59      0.61        75
          10       0.65      0.43      0.51        87
          11       0.32      0.37      0.35        75
          12       0.90      0.88      0.89        84
          13       0.27      0.31      0.29        74
          14       0.69      0.73      0.71        79

    accuracy                           0.49      1200
   macro avg       0.52      0.50      0.50      1200
weighted avg       0.51      0.49      0.50      1200
