              precision    recall  f1-score   support

           0       0.13      0.09      0.10        79
           1       0.44      0.52      0.48        87
           2       0.41      0.17      0.24        94
           3       0.31      0.13      0.18        62
           4       0.34      0.54      0.41        99
           5       0.78      0.86      0.82        70
           6       0.69      0.93      0.79        69
           7       0.69      0.65      0.67        86
           8       0.48      0.60      0.53        80
           9       0.54      0.51      0.52        75
          10       0.29      0.37      0.33        87
          11       0.49      0.44      0.46        75
          12       0.92      0.90      0.91        84
          13       0.35      0.22      0.27        74
          14       0.74      0.89      0.81        79

    accuracy                           0.52      1200
   macro avg       0.51      0.52      0.50      1200
weighted avg       0.50      0.52      0.50      1200
