0,1,class_label,target_label
0.6790145,0.32098556,0,1
0.999998,1.9712234e-06,0,1
0.9354372,0.064562745,0,1
0.9999999,1.4303482e-07,0,1
0.5141864,0.48581362,0,1
0.9999933,6.6468933e-06,0,1
0.44498456,0.55501544,1,1
0.98900247,0.010997508,0,1
0.99999726,2.7202682e-06,0,1
0.6222887,0.3777113,0,1
0.9999403,5.9720034e-05,0,1
0.9998622,0.00013773287,0,1
0.5058858,0.49411416,0,1
0.7881606,0.2118394,0,1
1.0,4.6818277e-10,0,1
0.99999976,2.2301518e-07,0,1
0.96491164,0.035088327,0,1
0.99950004,0.00049995736,0,1
0.8894527,0.1105473,0,1
0.8158663,0.18413374,0,1
1.0,1.4025003e-08,0,1
0.9945168,0.0054831784,0,1
0.9987398,0.001260188,0,1
1.0,2.7285974e-08,0,1
0.6952,0.3048,0,1
0.9996661,0.00033392507,0,1
0.9999999,1.04935125e-07,0,1
0.72828716,0.27171284,0,1
0.9547853,0.04521475,0,1
0.99993193,6.806767e-05,0,1
0.8350993,0.16490078,0,1
0.238938,0.761062,1,1
0.99852836,0.0014716485,0,1
0.7600563,0.23994368,0,1
0.77619046,0.22380954,0,1
0.5039903,0.4960097,0,1
0.89628327,0.10371673,0,1
0.8415856,0.15841444,0,1
0.94103086,0.05896916,0,1
1.0,2.0149871e-08,0,1
0.9999893,1.0785103e-05,0,1
0.9999999,1.09934994e-07,0,1
1.0,5.403164e-08,0,1
0.14455867,0.85544133,1,1
0.99056643,0.009433598,0,1
1.0,5.0025624e-09,0,1
0.9993253,0.00067475263,0,1
0.99911875,0.0008812185,0,1
0.98945844,0.010541593,0,1
0.8159466,0.18405342,0,1
0.99988925,0.00011072599,0,1
0.9978668,0.0021332542,0,1
0.999998,2.043097e-06,0,1
0.99975246,0.00024750645,0,1
0.80105144,0.19894862,0,1
1.0,1.2245104e-08,0,1
1.0,3.3855487e-09,0,1
0.99994636,5.3608066e-05,0,1
0.9727712,0.027228784,0,1
0.9825132,0.01748689,0,1
1.0,1.3657587e-08,0,1
0.83700573,0.16299427,0,1
1.0,2.2289957e-09,0,1
0.9998165,0.00018354309,0,1
1.0,7.6906503e-10,0,1
0.22567849,0.7743215,1,1
0.9896506,0.010349454,0,1
0.9969727,0.003027343,0,1
0.96649075,0.033509225,0,1
0.9889859,0.011014084,0,1
0.9999827,1.7230504e-05,0,1
0.9915462,0.008453817,0,1
1.0,1.1724991e-08,0,1
0.99999785,2.1813958e-06,0,1
0.9999999,1.2331667e-07,0,1
0.6026278,0.39737225,0,1
1.0,2.0251452e-10,0,1
1.0,1.0489167e-08,0,1
0.99996984,3.018511e-05,0,1
0.99988496,0.00011505038,0,1
0.86380196,0.13619803,0,1
1.0,5.568194e-09,0,1
0.9999851,1.486888e-05,0,1
1.0,5.3981168e-08,0,1
0.35249278,0.64750713,1,1
0.846475,0.15352504,0,1
0.9999857,1.42582285e-05,0,1
0.9999887,1.1378053e-05,0,1
0.9999993,7.6495184e-07,0,1
0.9989262,0.0010737276,0,1
0.99994385,5.613222e-05,0,1
0.9986424,0.0013576373,0,1
0.99744606,0.0025539035,0,1
1.0,1.349748e-10,0,1
0.22698154,0.7730185,1,1
0.69031936,0.30968067,0,1
0.9990682,0.0009317798,0,1
0.95688426,0.0431158,0,1
0.99999774,2.2740453e-06,0,1
0.9271653,0.072834715,0,1
0.9999999,9.147823e-08,0,1
0.99999917,8.4276644e-07,0,1
0.058400687,0.94159937,1,1
0.7727371,0.22726291,0,1
1.0,2.7581007e-10,0,1
0.9999944,5.5877636e-06,0,1
0.9999999,1.08796684e-07,0,1
0.9849437,0.015056284,0,1
1.0,8.898623e-10,0,1
0.99914813,0.0008518528,0,1
1.0,2.3774196e-09,0,1
0.9999995,5.23199e-07,0,1
0.9999517,4.8225e-05,0,1
0.9999957,4.243082e-06,0,1
1.0,5.874929e-09,0,1
1.0,2.9087877e-10,0,1
0.9999999,9.465102e-08,0,1
0.59574604,0.404254,0,1
0.9384886,0.061511397,0,1
0.3733016,0.62669843,1,1
0.99884987,0.0011501346,0,1
0.58391863,0.41608134,0,1
0.7465099,0.25349012,0,1
0.9995704,0.00042955065,0,1
0.9999807,1.9332005e-05,0,1
0.5995343,0.40046573,0,1
1.0,7.478975e-09,0,1
1.0,4.395172e-08,0,1
0.68278855,0.31721145,0,1
0.998752,0.0012479691,0,1
1.0,1.135866e-08,0,1
0.99983454,0.0001653966,0,1
1.0,4.8588078e-08,0,1
0.9999976,2.3507282e-06,0,1
0.99931157,0.0006883968,0,1
1.0,2.5876055e-08,0,1
0.6655143,0.33448574,0,1
0.9989479,0.0010520899,0,1
0.44865897,0.551341,1,1
0.99999976,2.7205226e-07,0,1
0.99999404,5.949202e-06,0,1
0.56492996,0.43507004,0,1
1.0,8.979079e-10,0,1
1.0,1.2193388e-08,0,1
0.9999838,1.615296e-05,0,1
0.9999167,8.329603e-05,0,1
0.9999994,6.187732e-07,0,1
0.5286583,0.4713417,0,1
0.9999579,4.20416e-05,0,1
0.9992704,0.000729632,0,1
0.998505,0.0014950603,0,1
0.90810746,0.09189256,0,1
0.98223776,0.01776228,0,1
0.99996614,3.3911667e-05,0,1
1.0,5.3538816e-08,0,1
1.0,1.0604129e-08,0,1
0.9998087,0.00019130614,0,1
1.0,1.2182513e-11,0,1
0.9998047,0.000195355,0,1
0.6673698,0.33263022,0,1
0.99998844,1.1505136e-05,0,1
1.0,3.428707e-08,0,1
0.9946196,0.0053803273,0,1
0.76736754,0.23263247,0,1
0.99959284,0.0004071487,0,1
0.9340711,0.06592884,0,1
1.0,1.3061519e-09,0,1
1.0,3.490209e-08,0,1
0.9999994,5.514889e-07,0,1
0.3546119,0.6453881,1,1
0.99969983,0.00030025461,0,1
0.9943914,0.0056086057,0,1
0.9999975,2.4604192e-06,0,1
0.99998486,1.51679815e-05,0,1
0.99994504,5.4893826e-05,0,1
1.0,3.38796e-08,0,1
0.9999895,1.0466709e-05,0,1
0.8346064,0.1653936,0,1
0.6788106,0.32118946,0,1
0.9999976,2.392374e-06,0,1
0.99994504,5.495993e-05,0,1
0.68564016,0.31435978,0,1
1.0,2.2245221e-10,0,1
0.96879107,0.031208899,0,1
0.9991304,0.0008695417,0,1
0.29377154,0.7062285,1,1
0.9999999,9.302874e-08,0,1
1.0,2.159119e-09,0,1
0.9999832,1.6776577e-05,0,1
0.99999785,2.1771393e-06,0,1
1.0,3.5867835e-08,0,1
0.89171344,0.10828655,0,1
0.7011643,0.29883564,0,1
0.99999607,3.946504e-06,0,1
1.0,3.382846e-08,0,1
0.17723759,0.8227625,1,1
0.99402076,0.0059792046,0,1
1.0,5.1148618e-08,0,1
0.5238899,0.47611007,0,1
0.9962888,0.0037111877,0,1
0.99995744,4.2588053e-05,0,1
0.99999726,2.6976654e-06,0,1
1.0,1.13215756e-10,0,1
0.99999976,2.000146e-07,0,1
1.0,8.261923e-09,0,1
1.0,3.4615206e-09,0,1
0.87866366,0.12133638,0,1
0.99992216,7.780497e-05,0,1
0.99999154,8.417781e-06,0,1
0.999938,6.201749e-05,0,1
0.6742886,0.32571152,0,1
0.92601603,0.07398395,0,1
0.98906225,0.010937673,0,1
0.7380779,0.26192215,0,1
0.90488374,0.095116265,0,1
0.99950683,0.0004931253,0,1
0.99999964,4.1427268e-07,0,1
0.013911927,0.9860881,1,1
1.0,1.3009976e-09,0,1
5.4050786e-09,1.0,1,1
2.5472502e-12,1.0,1,1
0.012905935,0.9870941,1,1
2.0006414e-06,0.999998,1,1
0.023094065,0.9769059,1,1
0.00032690793,0.9996731,1,1
0.001439729,0.99856025,1,1
0.018519001,0.98148096,1,1
5.199977e-09,1.0,1,1
0.020554757,0.9794453,1,1
1.1629287e-08,1.0,1,1
0.0073080794,0.99269193,1,1
0.0018553397,0.9981446,1,1
5.0798826e-05,0.9999492,1,1
1.187597e-08,1.0,1,1
6.8480026e-09,1.0,1,1
5.79624e-05,0.99994206,1,1
8.003075e-05,0.99992,1,1
0.0019909532,0.998009,1,1
0.003008039,0.996992,1,1
0.008937833,0.99106216,1,1
2.2058626e-07,0.99999976,1,1
5.325586e-06,0.99999464,1,1
4.8998772e-06,0.9999951,1,1
2.5005954e-06,0.9999975,1,1
0.00041572674,0.99958426,1,1
2.175046e-08,1.0,1,1
9.414445e-05,0.9999058,1,1
0.012598929,0.98740107,1,1
0.00443622,0.99556375,1,1
0.0002318201,0.9997682,1,1
9.500785e-07,0.99999905,1,1
0.020292101,0.9797079,1,1
0.025396243,0.9746037,1,1
4.911733e-06,0.9999951,1,1
2.6891688e-05,0.99997306,1,1
0.021642203,0.9783578,1,1
2.2921344e-05,0.9999771,1,1
4.29593e-08,1.0,1,1
0.37356073,0.62643933,1,1
0.016836995,0.983163,1,1
0.00052592414,0.9994741,1,1
0.055524454,0.94447553,1,1
0.014181697,0.9858183,1,1
0.0010171196,0.99898285,1,1
5.6135807e-05,0.99994385,1,1
1.07331424e-07,0.9999999,1,1
0.014103796,0.98589617,1,1
3.590582e-05,0.9999641,1,1
0.0008053624,0.9991947,1,1
7.985662e-06,0.999992,1,1
7.605069e-06,0.9999924,1,1
0.00056228373,0.99943775,1,1
1.7078058e-08,1.0,1,1
4.4686774e-09,1.0,1,1
3.1132508e-12,1.0,1,1
0.010237599,0.98976237,1,1
5.018013e-05,0.9999498,1,1
0.02633495,0.973665,1,1
2.2064836e-05,0.99997795,1,1
0.08820281,0.91179717,1,1
0.0012276395,0.9987723,1,1
7.871325e-08,0.9999999,1,1
0.017772531,0.9822275,1,1
0.0029539624,0.99704605,1,1
0.0055260197,0.994474,1,1
0.00028669083,0.99971324,1,1
1.3057246e-07,0.9999999,1,1
0.052315436,0.9476845,1,1
5.2779103e-07,0.9999995,1,1
0.10114055,0.8988595,1,1
0.00031057085,0.99968946,1,1
1.0196607e-06,0.9999989,1,1
0.0016267016,0.99837327,1,1
2.1201724e-11,1.0,1,1
0.00014095564,0.999859,1,1
0.016518135,0.9834819,1,1
0.08877346,0.9112266,1,1
4.0114944e-07,0.99999964,1,1
0.06464057,0.9353594,1,1
0.0023477182,0.99765235,1,1
1.5117591e-06,0.99999845,1,1
2.1025322e-05,0.999979,1,1
2.9589903e-06,0.999997,1,1
0.004853699,0.99514633,1,1
0.015283489,0.98471653,1,1
0.06191627,0.9380837,1,1
8.081535e-07,0.99999917,1,1
6.6301155e-08,0.9999999,1,1
4.050107e-06,0.99999595,1,1
0.000106530395,0.9998934,1,1
6.8244963e-12,1.0,1,1
1.7651904e-07,0.9999999,1,1
0.00017317371,0.99982685,1,1
0.05389811,0.9461019,1,1
5.4219194e-09,1.0,1,1
4.4023687e-05,0.999956,1,1
9.361905e-05,0.9999064,1,1
0.0038204766,0.9961796,1,1
0.06653831,0.9334617,1,1
0.018975692,0.98102427,1,1
2.8141374e-09,1.0,1,1
0.0007470897,0.99925286,1,1
0.052595925,0.947404,1,1
0.027256493,0.97274345,1,1
2.652142e-06,0.9999974,1,1
0.00017716968,0.9998229,1,1
0.00025044166,0.9997496,1,1
5.082506e-06,0.9999949,1,1
0.0026685658,0.9973315,1,1
1.3546235e-06,0.9999987,1,1
0.0007773108,0.99922264,1,1
3.0342488e-05,0.9999696,1,1
3.4391604e-08,1.0,1,1
0.0040004323,0.9959996,1,1
5.936948e-06,0.99999404,1,1
3.5780784e-05,0.99996424,1,1
0.008962801,0.99103725,1,1
9.790802e-05,0.9999021,1,1
0.00028549042,0.99971443,1,1
0.00016279149,0.99983716,1,1
0.0012813178,0.99871874,1,1
0.1087098,0.89129025,1,1
7.4456705e-07,0.9999993,1,1
4.0571977e-05,0.99995947,1,1
0.00013511987,0.9998648,1,1
0.0041367565,0.9958632,1,1
3.4715408e-06,0.99999654,1,1
9.346241e-05,0.99990654,1,1
2.8186514e-05,0.99997187,1,1
1.4465438e-05,0.9999856,1,1
0.07292579,0.92707425,1,1
0.00011972044,0.9998803,1,1
3.7760228e-07,0.99999964,1,1
0.021180995,0.978819,1,1
0.00058925006,0.99941075,1,1
0.011424601,0.9885754,1,1
0.0038756912,0.9961243,1,1
3.1280034e-10,1.0,1,1
9.765254e-05,0.99990237,1,1
5.047669e-06,0.999995,1,1
0.000121321646,0.99987864,1,1
4.3357722e-05,0.9999566,1,1
2.984657e-07,0.99999964,1,1
0.060316183,0.9396838,1,1
0.00017938494,0.99982065,1,1
5.2020947e-11,1.0,1,1
0.00033557048,0.9996644,1,1
6.4344526e-06,0.99999356,1,1
0.123805046,0.87619495,1,1
2.015841e-07,0.99999976,1,1
0.00097614893,0.9990238,1,1
1.9512333e-06,0.9999981,1,1
0.00026304816,0.99973696,1,1
0.012725111,0.9872749,1,1
1.7400218e-08,1.0,1,1
0.00037074747,0.99962926,1,1
0.009189495,0.9908105,1,1
9.585767e-10,1.0,1,1
0.0022878598,0.99771214,1,1
4.677851e-07,0.9999995,1,1
0.0038688288,0.9961312,1,1
0.00019340303,0.9998066,1,1
3.603258e-06,0.9999964,1,1
5.147325e-07,0.9999995,1,1
0.0065919072,0.9934081,1,1
4.441719e-06,0.9999956,1,1
0.011024674,0.9889753,1,1
7.0888177e-07,0.9999993,1,1
0.016049948,0.98395,1,1
4.5168977e-12,1.0,1,1
0.0015962352,0.9984037,1,1
0.0030672858,0.99693274,1,1
7.58356e-05,0.9999242,1,1
0.02826821,0.97173184,1,1
0.000893466,0.99910647,1,1
2.882142e-07,0.99999976,1,1
0.006179582,0.9938205,1,1
0.0049834237,0.99501663,1,1
0.10146069,0.89853925,1,1
1.5982472e-06,0.99999845,1,1
6.9186253e-06,0.9999931,1,1
1.0740054e-05,0.9999893,1,1
1.7802671e-07,0.9999999,1,1
2.8843692e-07,0.99999976,1,1
2.2508456e-07,0.99999976,1,1
7.349561e-05,0.99992645,1,1
0.029086407,0.9709136,1,1
0.00015840298,0.9998416,1,1
5.688806e-06,0.9999943,1,1
8.383647e-07,0.99999917,1,1
0.0810846,0.91891545,1,1
0.00066198665,0.999338,1,1
0.0054575554,0.99454236,1,1
0.004113563,0.9958864,1,1
0.0014593509,0.99854064,1,1
0.016729755,0.9832703,1,1
2.8236393e-06,0.99999714,1,1
4.1742777e-12,1.0,1,1
1.9371605e-06,0.9999981,1,1
0.0031958006,0.99680424,1,1
3.6878863e-08,1.0,1,1
0.0056898305,0.99431014,1,1
7.1521055e-07,0.9999993,1,1
0.00039916555,0.9996008,1,1
0.000245152,0.99975485,1,1
3.622146e-09,1.0,1,1
1.685797e-05,0.9999832,1,1
2.7053846e-05,0.99997294,1,1
0.00031837268,0.9996816,1,1
0.03028006,0.96971995,1,1
6.0458866e-10,1.0,1,1
6.637454e-08,0.9999999,1,1
4.8095953e-05,0.99995196,1,1
0.0025556537,0.9974444,1,1
3.2055095e-08,1.0,1,1
0.00062367215,0.99937636,1,1
3.49835e-05,0.9999651,1,1
3.632461e-06,0.9999964,1,1
1.0,7.330807e-09,0,0
0.9986732,0.001326836,0,0
1.0,3.4659358e-08,0,0
0.9996145,0.00038547665,0,0
0.99521905,0.0047809384,0,0
4.850539e-08,1.0,1,0
0.9999999,1.4429752e-07,0,0
0.32190415,0.6780959,1,0
0.9999999,7.556436e-08,0,0
1.0,6.009685e-09,0,0
0.9964749,0.003525115,0,0
0.99999833,1.7264204e-06,0,0
1.0,5.4246115e-08,0,0
0.96659756,0.033402424,0,0
1.0,1.6972512e-09,0,0
0.76153666,0.23846333,0,0
0.9958853,0.0041147275,0,0
1.0,1.6244621e-10,0,0
0.99961567,0.00038424335,0,0
0.0024270215,0.99757296,1,0
0.9999969,3.1503844e-06,0,0
0.9999478,5.2263487e-05,0,0
0.9449886,0.055011384,0,0
0.00013529019,0.9998647,1,0
0.00016265124,0.9998373,1,0
0.9999999,1.3996963e-07,0,0
0.0007621149,0.9992379,1,0
0.91023564,0.08976433,0,0
0.00016259619,0.9998374,1,0
0.7455431,0.2544569,0,0
0.99895775,0.0010422758,0,0
0.528832,0.471168,0,0
0.014811082,0.98518896,1,0
0.87730557,0.12269449,0,0
0.9298288,0.07017113,0,0
1.0,2.5442567e-10,0,0
0.99981123,0.00018884825,0,0
0.9999881,1.1926639e-05,0,0
0.99999857,1.3861787e-06,0,0
6.282734e-05,0.9999372,1,0
0.84715503,0.15284495,0,0
1.0,3.5299932e-10,0,0
0.99999976,2.3623105e-07,0,0
0.99938786,0.0006121374,0,0
0.011857516,0.98814243,1,0
1.0,4.516371e-09,0,0
0.98576397,0.01423601,0,0
1.0,4.480269e-08,0,0
0.33468133,0.66531867,1,0
0.9999932,6.768315e-06,0,0
0.99999344,6.564796e-06,0,0
1.0,1.2707055e-08,0,0
0.34125307,0.658747,1,0
1.0,9.457953e-09,0,0
0.99893624,0.0010637068,0,0
0.999977,2.3011755e-05,0,0
0.9999962,3.8605217e-06,0,0
2.4578792e-06,0.9999975,1,0
0.9999918,8.173873e-06,0,0
1.0,1.5408587e-09,0,0
0.0033142557,0.9966858,1,0
0.009432368,0.9905676,1,0
0.011349092,0.9886509,1,0
1.0,2.7160343e-10,0,0
1.0,2.5434975e-08,0,0
0.0001446319,0.9998554,1,0
0.99997973,2.0305437e-05,0,0
0.99995697,4.3014417e-05,0,0
0.99834085,0.0016590859,0,0
0.9999999,1.6272958e-07,0,0
0.99999714,2.8066613e-06,0,0
0.99997556,2.4452063e-05,0,0
0.9999999,8.096611e-08,0,0
0.9999987,1.353034e-06,0,0
1.0,2.9910305e-10,0,0
1.0,1.3590297e-10,0,0
0.99999547,4.5139545e-06,0,0
1.0,4.1699075e-09,0,0
0.22022605,0.7797739,1,0
0.981574,0.018425977,0,0
0.99995637,4.3665943e-05,0,0
0.27130884,0.72869116,1,0
0.986331,0.013668973,0,0
0.9999913,8.736425e-06,0,0
0.9965919,0.0034081244,0,0
0.9999769,2.3172403e-05,0,0
0.0002746675,0.9997253,1,0
0.9079093,0.09209073,0,0
0.9998696,0.00013044538,0,0
0.99999964,4.1000814e-07,0,0
1.0,3.8401748e-08,0,0
0.98464024,0.015359796,0,0
0.10985126,0.89014876,1,0
0.0025892092,0.99741083,1,0
0.99404716,0.0059527783,0,0
0.13347097,0.86652905,1,0
0.9992052,0.0007948505,0,0
0.994932,0.005067938,0,0
0.99996805,3.1971686e-05,0,0
0.34454736,0.6554526,1,0
0.99999654,3.4153118e-06,0,0
1.0,1.4304732e-08,0,0
0.9999999,8.769214e-08,0,0
0.99105483,0.008945236,0,0
0.9999926,7.4192e-06,0,0
0.9943057,0.0056943055,0,0
0.1463458,0.8536542,1,0
0.9820738,0.017926173,0,0
0.9078967,0.09210329,0,0
0.9990865,0.0009134911,0,0
0.01761471,0.98238534,1,0
0.99969935,0.00030063986,0,0
1.2544404e-09,1.0,1,0
1.0,3.8102063e-10,0,0
0.9998888,0.00011126834,0,0
0.99991274,8.720661e-05,0,0
0.9994153,0.00058476586,0,0
0.9788922,0.021107806,0,0
0.9999939,6.081055e-06,0,0
3.908551e-07,0.99999964,1,0
0.98309386,0.016906163,0,0
0.99999,9.98738e-06,0,0
0.9999994,5.7559896e-07,0,0
0.11954943,0.88045055,1,0
8.950136e-09,1.0,1,0
0.9988342,0.0011658709,0,0
1.89103e-05,0.99998105,1,0
0.9998443,0.00015561319,0,0
0.3520737,0.6479264,1,0
0.00033752463,0.9996625,1,0
0.77996475,0.2200353,0,0
0.99921656,0.0007834437,0,0
0.09044879,0.9095512,1,0
0.9934587,0.0065412847,0,0
0.9999802,1.9785988e-05,0,0
0.28373286,0.71626717,1,0
7.259192e-05,0.9999274,1,0
0.99999416,5.7927205e-06,0,0
1.0,5.9713283e-09,0,0
5.887428e-08,1.0,1,0
0.9999994,6.017901e-07,0,0
0.9981547,0.0018452809,0,0
0.06300134,0.93699867,1,0
0.9999993,7.736279e-07,0,0
0.033839203,0.9661608,1,0
0.9560869,0.04391305,0,0
1.0,3.959937e-08,0,0
0.9365361,0.06346396,0,0
0.994531,0.0054689995,0,0
0.9999994,5.8878095e-07,0,0
1.0,1.7709544e-10,0,0
0.9999999,1.635548e-07,0,0
0.9981421,0.0018578166,0,0
0.99843746,0.0015625637,0,0
0.968846,0.03115402,0,0
0.99859315,0.0014068218,0,0
1.42049e-07,0.9999999,1,0
0.14242472,0.8575753,1,0
4.5545107e-06,0.99999547,1,0
0.029600507,0.9703995,1,0
0.99974865,0.00025135593,0,0
3.829737e-06,0.9999962,1,0
0.0015653521,0.9984346,1,0
0.5231035,0.4768965,0,0
0.05476595,0.94523406,1,0
0.6870743,0.31292576,0,0
0.004297792,0.9957022,1,0
0.9828042,0.017195806,0,0
0.99991333,8.6621476e-05,0,0
0.99999714,2.865049e-06,0,0
1.0,2.7555322e-08,0,0
0.9954032,0.0045968588,0,0
0.00041301284,0.999587,1,0
0.92556936,0.07443065,0,0
0.76791036,0.23208962,0,0
1.0,1.1240812e-08,0,0
0.9602965,0.03970344,0,0
0.061648108,0.9383519,1,0
0.9363013,0.063698664,0,0
1.0,4.1338463e-08,0,0
0.9999995,4.7584862e-07,0,0
0.9999956,4.386418e-06,0,0
0.73294973,0.26705027,0,0
0.0074089244,0.99259114,1,0
0.99995315,4.6867077e-05,0,0
0.0008669755,0.99913305,1,0
0.6954676,0.3045324,0,0
0.22180808,0.77819186,1,0
0.9999999,1.5267142e-07,0,0
1.6857328e-05,0.9999832,1,0
1.0,1.3574016e-08,0,0
0.865469,0.13453104,0,0
0.017350411,0.98264956,1,0
0.0620049,0.9379951,1,0
0.9731098,0.026890224,0,0
0.00033800522,0.99966204,1,0
0.048605245,0.95139474,1,0
0.022951435,0.9770486,1,0
9.134743e-09,1.0,1,0
0.99999917,8.1200545e-07,0,0
0.9800827,0.01991738,0,0
1.0,1.2229033e-10,0,0
1.0,3.5416978e-08,0,0
0.99999094,9.054628e-06,0,0
0.99922645,0.00077356445,0,0
0.787478,0.21252197,0,0
0.99998176,1.8245892e-05,0,0
1.0,1.3958925e-08,0,0
0.9884552,0.011544815,0,0
1.0,4.244846e-11,0,0
0.00014798444,0.99985194,1,0
1.0,3.953354e-09,0,0
2.00383e-06,0.999998,1,0
0.9324307,0.06756935,0,0
0.99735934,0.0026406718,0,0
9.579874e-06,0.99999046,1,0
0.99999976,1.9287292e-07,0,0
0.999992,7.970316e-06,0,0
0.9999999,6.1580614e-08,0,0
0.9999459,5.4176522e-05,0,0
0.94886434,0.05113567,0,0
0.99999964,3.2331815e-07,0,0
0.9956558,0.0043442086,0,0
0.7611876,0.23881236,0,0
1.0,3.141224e-09,0,0
1.0,5.0641e-09,0,0
5.393719e-06,0.99999464,1,0
1.0,5.925506e-08,0,0
0.9999999,1.0569804e-07,0,0
0.9995882,0.0004118658,0,0
0.996618,0.003382081,0,0
0.13774662,0.86225337,1,0
0.25087354,0.74912655,1,0
0.9818216,0.018178465,0,0
0.0005673922,0.9994326,1,0
0.9999949,5.088287e-06,0,0
0.73637325,0.26362672,0,0
0.999995,5.0202907e-06,0,0
0.9999733,2.6685322e-05,0,0
0.9999993,6.7911895e-07,0,0
0.9979079,0.0020921864,0,0
0.9437151,0.05628496,0,0
0.9999908,9.231373e-06,0,0
1.12937104e-10,1.0,1,0
0.99968874,0.00031126745,0,0
1.0,1.2686078e-09,0,0
0.9999907,9.24941e-06,0,0
0.99692994,0.003070088,0,0
0.21219954,0.78780043,1,0
0.99996924,3.0752744e-05,0,0
0.9999993,7.479768e-07,0,0
0.0073175086,0.9926825,1,0
1.0,3.5654885e-08,0,0
0.99984336,0.0001566325,0,0
1.0,4.113126e-10,0,0
0.99997807,2.1993495e-05,0,0
9.2874005e-05,0.99990714,1,0
0.99999774,2.2372785e-06,0,0
1.0,2.2804971e-09,0,0
1.0,8.5634044e-10,0,0
1.0,9.968572e-10,0,0
1.0,3.7076063e-08,0,0
0.0010105416,0.9989894,1,0
0.99999976,2.8359028e-07,0,0
0.9999993,7.541561e-07,0,0
0.9987356,0.0012643822,0,0
0.0067017907,0.99329823,1,0
0.99967885,0.00032120373,0,0
0.21024358,0.7897564,1,0
0.8001995,0.19980054,0,0
0.99999094,9.0646245e-06,0,0
0.99995315,4.686105e-05,0,0
0.0013027758,0.9986972,1,0
1.0,1.47469095e-08,0,0
1.0,1.837178e-11,0,0
0.9999999,1.15081086e-07,0,0
0.73135203,0.2686479,0,0
0.99999976,2.133846e-07,0,0
0.0002565557,0.9997434,1,0
0.9999999,1.3611096e-07,0,0
1.5023282e-09,1.0,1,0
0.9999999,6.179558e-08,0,0
0.99999976,1.9444181e-07,0,0
0.99940515,0.00059489545,0,0
1.536143e-06,0.99999845,1,0
0.8702456,0.12975441,0,0
0.99999964,3.386139e-07,0,0
0.10016786,0.8998322,1,0
0.00018931448,0.99981076,1,0
1.0,4.0198405e-09,0,0
0.0033979637,0.99660206,1,0
0.9969773,0.0030226316,0,0
0.9995012,0.0004987921,0,0
1.0,3.5026932e-08,0,0
1.0,1.6275177e-09,0,0
0.00044692095,0.999553,1,0
0.9999999,1.1222907e-07,0,0
0.7883756,0.21162444,0,0
0.9756257,0.024374329,0,0
0.9999999,1.7793268e-07,0,0
1.6732765e-05,0.9999833,1,0
0.99999774,2.2303082e-06,0,0
