0,1,class_label,target_label
0.9849963,0.015003694,0,1
0.99999833,1.7162098e-06,0,1
0.999949,5.107025e-05,0,1
0.9999932,6.822727e-06,0,1
0.94017214,0.059827812,0,1
1.0,5.32037e-08,0,1
0.99122906,0.008770956,0,1
0.98049533,0.01950471,0,1
1.0,2.085999e-09,0,1
1.0,5.401451e-09,0,1
0.9999937,6.3187676e-06,0,1
0.99999857,1.4671646e-06,0,1
0.9986229,0.0013771272,0,1
0.9989655,0.0010345209,0,1
0.99999905,9.3083196e-07,0,1
0.9994037,0.0005962942,0,1
0.9902638,0.009736233,0,1
0.99995375,4.621823e-05,0,1
0.94539106,0.05460894,0,1
0.91615,0.08385005,0,1
0.7636153,0.23638469,0,1
0.61070484,0.38929516,0,1
0.94663423,0.05336576,0,1
0.99990356,9.648864e-05,0,1
0.9998097,0.00019037795,0,1
0.99991906,8.099375e-05,0,1
0.99990904,9.09243e-05,0,1
0.8925328,0.107467234,0,1
0.99999774,2.2533275e-06,0,1
0.9998354,0.00016464072,0,1
0.9999956,4.413521e-06,0,1
0.9688256,0.031174397,0,1
1.0,2.5572444e-08,0,1
0.99999917,8.439496e-07,0,1
0.9969248,0.0030751945,0,1
0.9999993,7.419034e-07,0,1
0.99987924,0.00012071408,0,1
0.9999956,4.437345e-06,0,1
0.91444916,0.085550874,0,1
1.0,2.593781e-09,0,1
0.99982905,0.0001708586,0,1
0.9556133,0.04438669,0,1
1.0,1.4044277e-08,0,1
0.9726142,0.027385784,0,1
0.99999976,2.9215187e-07,0,1
0.9958715,0.004128518,0,1
0.9995732,0.0004268039,0,1
0.8947111,0.105288915,0,1
0.999998,2.0806492e-06,0,1
0.99330384,0.0066961423,0,1
0.9999994,5.6793243e-07,0,1
0.9999993,7.2735736e-07,0,1
0.98738086,0.012619137,0,1
0.999858,0.0001419891,0,1
0.9999995,4.356097e-07,0,1
0.9998134,0.00018660934,0,1
0.952789,0.04721096,0,1
0.9920656,0.00793447,0,1
1.0,4.8634067e-08,0,1
0.9930386,0.0069613988,0,1
0.99999416,5.8496285e-06,0,1
0.99996996,3.0035795e-05,0,1
0.999474,0.0005260916,0,1
0.983478,0.016521968,0,1
0.9999988,1.1828101e-06,0,1
0.88821125,0.11178873,0,1
0.999998,2.0726584e-06,0,1
0.99999964,3.4869095e-07,0,1
0.9268493,0.0731507,0,1
0.9888783,0.011121682,0,1
0.9999995,4.5586634e-07,0,1
0.99528754,0.00471241,0,1
0.9999714,2.8589175e-05,0,1
0.9733743,0.02662572,0,1
0.5904307,0.40956935,0,1
0.9999999,8.204671e-08,0,1
1.0,1.0287877e-08,0,1
0.50532323,0.49467674,0,1
0.8850819,0.114918046,0,1
0.99996495,3.5048713e-05,0,1
1.0,1.0131895e-08,0,1
1.0,5.391241e-09,0,1
0.99999464,5.313218e-06,0,1
0.9940486,0.0059514074,0,1
0.8123676,0.18763238,0,1
0.9632909,0.036709037,0,1
0.999949,5.098013e-05,0,1
0.99998295,1.7089818e-05,0,1
0.9320854,0.06791466,0,1
0.9999999,6.580665e-08,0,1
0.9999999,1.0332165e-07,0,1
0.99999845,1.5839414e-06,0,1
0.7288522,0.27114776,0,1
0.9999999,1.4382819e-07,0,1
0.9996356,0.00036441023,0,1
0.84189904,0.15810095,0,1
0.9999981,1.8817656e-06,0,1
0.99989974,0.00010029424,0,1
0.914401,0.085599005,0,1
1.0,5.833595e-08,0,1
0.5863492,0.41365087,0,1
0.9999877,1.22846595e-05,0,1
0.966684,0.033315986,0,1
1.0,1.7133254e-09,0,1
0.8908094,0.109190635,0,1
1.0,3.6439738e-09,0,1
0.9999949,5.1328916e-06,0,1
0.44041204,0.55958796,1,1
0.8469283,0.1530717,0,1
0.99944705,0.0005529478,0,1
1.0,6.8092416e-09,0,1
0.9736963,0.026303707,0,1
1.0,1.4092415e-08,0,1
0.9740035,0.025996484,0,1
0.6788763,0.32112375,0,1
0.98892933,0.011070641,0,1
0.9999157,8.424704e-05,0,1
0.4817067,0.5182932,1,1
0.9881792,0.011820737,0,1
0.99999833,1.6950219e-06,0,1
0.99999976,2.7963384e-07,0,1
0.9998419,0.00015806458,0,1
0.7325886,0.26741147,0,1
0.9545098,0.045490224,0,1
1.0,1.127396e-09,0,1
0.93770736,0.062292643,0,1
0.9999896,1.0428142e-05,0,1
0.9994785,0.00052148994,0,1
0.99832946,0.0016705013,0,1
1.0,5.6308624e-10,0,1
0.9999995,5.343196e-07,0,1
0.9999994,5.7566155e-07,0,1
0.9999999,1.7605552e-07,0,1
1.0,4.319807e-08,0,1
0.9999981,1.9425681e-06,0,1
0.99961674,0.00038328598,0,1
1.0,3.378556e-09,0,1
0.9999782,2.1771311e-05,0,1
0.7516048,0.2483952,0,1
0.99992764,7.239891e-05,0,1
0.99999595,4.03859e-06,0,1
0.99488056,0.005119409,0,1
0.99998236,1.769685e-05,0,1
0.9999989,1.0868029e-06,0,1
0.9999311,6.890768e-05,0,1
1.0,3.2219123e-08,0,1
0.98902076,0.010979257,0,1
0.996797,0.0032029354,0,1
1.0,2.0678016e-08,0,1
1.0,1.2348743e-09,0,1
0.99996793,3.2073745e-05,0,1
0.9997669,0.00023315231,0,1
0.97067755,0.029322434,0,1
0.99999964,3.43176e-07,0,1
0.99999857,1.4506621e-06,0,1
0.857761,0.14223896,0,1
0.9942206,0.0057794577,0,1
0.98175585,0.018244097,0,1
0.99999046,9.577882e-06,0,1
0.8385752,0.16142485,0,1
0.96914625,0.030853769,0,1
0.9935981,0.0064018583,0,1
0.9999999,1.5762578e-07,0,1
0.7240662,0.2759338,0,1
0.9903943,0.009605727,0,1
0.88515866,0.11484131,0,1
0.9999881,1.1928197e-05,0,1
0.9999999,1.4066319e-07,0,1
0.8740427,0.12595735,0,1
1.0,3.794965e-08,0,1
0.99999964,3.351723e-07,0,1
0.9999999,1.0530505e-07,0,1
0.94010735,0.059892673,0,1
0.9999312,6.8763795e-05,0,1
0.9363453,0.06365468,0,1
1.0,7.967494e-09,0,1
0.9539037,0.046096303,0,1
0.9974872,0.0025127647,0,1
0.99999917,8.705783e-07,0,1
0.9999993,7.104275e-07,0,1
1.0,4.895515e-08,0,1
0.99995506,4.496413e-05,0,1
0.9999738,2.6257541e-05,0,1
0.99999774,2.2453776e-06,0,1
0.9999714,2.8640261e-05,0,1
0.9837096,0.016290424,0,1
0.9999033,9.6650896e-05,0,1
0.9999987,1.2685765e-06,0,1
0.99971896,0.00028105002,0,1
0.99991465,8.538224e-05,0,1
0.9931825,0.0068174875,0,1
0.9999201,7.986287e-05,0,1
0.9989316,0.0010683851,0,1
0.97484404,0.025156006,0,1
0.99996555,3.4489727e-05,0,1
0.9996213,0.00037875382,0,1
0.99999046,9.520282e-06,0,1
0.7644988,0.23550123,0,1
1.0,1.2267218e-08,0,1
0.99999964,3.818315e-07,0,1
0.9999975,2.5191289e-06,0,1
0.99071956,0.009280408,0,1
0.9999896,1.0335786e-05,0,1
0.99997723,2.2727403e-05,0,1
0.010298095,0.98970187,1,1
5.6924746e-06,0.9999943,1,1
1.1091167e-10,1.0,1,1
0.0011560285,0.9988439,1,1
0.0043382747,0.9956617,1,1
0.00014634014,0.9998536,1,1
0.028471118,0.9715289,1,1
5.25884e-05,0.9999474,1,1
9.083601e-07,0.99999905,1,1
0.017825816,0.98217416,1,1
0.004797445,0.99520254,1,1
0.0029243936,0.99707556,1,1
7.295503e-09,1.0,1,1
0.015902108,0.9840979,1,1
8.275947e-05,0.99991727,1,1
4.829335e-07,0.9999995,1,1
1.106844e-05,0.9999889,1,1
0.0006214698,0.99937844,1,1
0.018214028,0.98178595,1,1
0.00011099292,0.999889,1,1
0.06513006,0.93487,1,1
0.002009507,0.9979905,1,1
0.0009303409,0.99906963,1,1
3.5320626e-09,1.0,1,1
2.4263844e-07,0.99999976,1,1
0.016297538,0.9837024,1,1
0.0025053204,0.9974947,1,1
7.443904e-10,1.0,1,1
0.0023276284,0.9976724,1,1
3.9575477e-07,0.99999964,1,1
8.216593e-11,1.0,1,1
1.2152556e-06,0.9999988,1,1
0.02953497,0.97046494,1,1
7.362369e-05,0.9999263,1,1
0.00013345257,0.9998665,1,1
0.0018181381,0.99818194,1,1
0.00034729036,0.99965274,1,1
0.034989636,0.96501034,1,1
0.00021873601,0.9997813,1,1
7.128736e-08,0.9999999,1,1
2.0422681e-09,1.0,1,1
0.00011287829,0.9998871,1,1
0.0017457961,0.99825424,1,1
0.10361996,0.89638007,1,1
0.0055870847,0.99441296,1,1
0.04603296,0.95396703,1,1
0.0026547331,0.99734527,1,1
0.05247712,0.94752294,1,1
0.02385287,0.9761471,1,1
0.01710207,0.9828979,1,1
1.6051994e-05,0.9999839,1,1
5.2267675e-05,0.9999478,1,1
0.0024842988,0.9975157,1,1
0.004852022,0.995148,1,1
1.0855123e-06,0.9999989,1,1
0.10721236,0.8927877,1,1
0.18290494,0.81709504,1,1
0.00032043358,0.99967957,1,1
1.5218067e-06,0.99999845,1,1
8.35606e-09,1.0,1,1
0.0007214724,0.9992785,1,1
2.7591539e-06,0.99999726,1,1
1.7585527e-06,0.9999982,1,1
0.18624426,0.8137558,1,1
0.2271247,0.77287525,1,1
0.058219697,0.9417803,1,1
5.0294624e-05,0.9999497,1,1
1.0531489e-07,0.9999999,1,1
0.0025701749,0.9974298,1,1
0.010327744,0.9896723,1,1
9.260736e-09,1.0,1,1
0.009155251,0.9908448,1,1
0.0067527755,0.99324715,1,1
0.0001828008,0.9998172,1,1
0.00017221353,0.99982774,1,1
1.9103598e-05,0.9999809,1,1
1.1461226e-06,0.9999988,1,1
0.0040847594,0.99591523,1,1
0.473323,0.526677,1,1
0.1064379,0.8935621,1,1
0.19282831,0.8071717,1,1
0.03233214,0.9676678,1,1
3.6093756e-08,1.0,1,1
0.0012330186,0.998767,1,1
4.7564026e-05,0.99995244,1,1
0.03930797,0.960692,1,1
0.00035606383,0.9996439,1,1
0.21346644,0.7865336,1,1
0.00041825807,0.99958175,1,1
0.006133158,0.99386686,1,1
0.00436742,0.9956326,1,1
0.003589514,0.9964104,1,1
0.022368973,0.97763103,1,1
0.11886565,0.8811344,1,1
0.00016514825,0.9998348,1,1
2.2944832e-05,0.9999771,1,1
0.00020753019,0.9997925,1,1
2.804951e-10,1.0,1,1
1.4390433e-09,1.0,1,1
0.02583704,0.974163,1,1
9.699294e-07,0.99999905,1,1
4.2569292e-05,0.99995744,1,1
0.00043174965,0.9995683,1,1
0.0055126455,0.99448735,1,1
3.1507245e-08,1.0,1,1
0.0010152889,0.99898463,1,1
0.0096829925,0.990317,1,1
3.7615346e-06,0.9999962,1,1
0.0014932452,0.9985067,1,1
0.0022968713,0.99770314,1,1
3.0234634e-05,0.9999697,1,1
0.00016707281,0.99983287,1,1
5.3904716e-07,0.9999994,1,1
2.6484947e-06,0.9999974,1,1
3.09887e-05,0.999969,1,1
6.8364893e-06,0.9999932,1,1
0.23685154,0.7631485,1,1
0.00011521142,0.9998847,1,1
0.00014469217,0.9998553,1,1
0.0023013975,0.9976986,1,1
0.06949921,0.9305008,1,1
0.00019927585,0.99980074,1,1
1.6469606e-12,1.0,1,1
3.1625476e-09,1.0,1,1
4.9053197e-06,0.9999951,1,1
0.022185558,0.9778145,1,1
1.175476e-10,1.0,1,1
0.0044919867,0.99550796,1,1
0.02155762,0.9784424,1,1
1.05132485e-05,0.9999895,1,1
7.887427e-06,0.99999213,1,1
0.019425558,0.98057437,1,1
0.040890966,0.959109,1,1
5.9122445e-05,0.9999409,1,1
0.0005785413,0.9994215,1,1
0.00038827615,0.9996118,1,1
0.047119875,0.95288014,1,1
1.1007893e-07,0.9999999,1,1
7.26862e-11,1.0,1,1
0.029470945,0.9705291,1,1
0.007851445,0.9921485,1,1
0.0041909195,0.9958091,1,1
4.5842637e-07,0.9999995,1,1
0.08147935,0.9185206,1,1
1.6193653e-12,1.0,1,1
0.007380539,0.99261945,1,1
0.013316011,0.986684,1,1
0.095800884,0.9041991,1,1
0.0034492854,0.9965507,1,1
1.3462559e-05,0.9999865,1,1
0.014369357,0.9856307,1,1
0.0063669453,0.99363303,1,1
0.0010490393,0.99895096,1,1
0.027394613,0.9726054,1,1
0.00021181953,0.9997882,1,1
2.0774974e-07,0.99999976,1,1
0.000845135,0.9991548,1,1
0.0048375325,0.99516255,1,1
0.32259393,0.6774061,1,1
0.08331271,0.91668725,1,1
2.9753971e-06,0.999997,1,1
0.0021444028,0.9978556,1,1
0.14708717,0.8529129,1,1
0.13540365,0.86459637,1,1
0.018792275,0.9812077,1,1
0.0140997255,0.9859002,1,1
0.005955813,0.99404424,1,1
0.44144958,0.5585504,1,1
0.04438849,0.95561147,1,1
0.01745352,0.98254645,1,1
4.348045e-05,0.9999565,1,1
0.0080252,0.9919748,1,1
5.11614e-05,0.99994886,1,1
1.0152177e-05,0.99998987,1,1
1.7494314e-05,0.9999825,1,1
0.0052752974,0.9947247,1,1
0.02987037,0.9701296,1,1
2.1224068e-10,1.0,1,1
0.0004003328,0.99959964,1,1
0.0001896648,0.9998104,1,1
1.2298433e-05,0.9999877,1,1
0.23279077,0.7672093,1,1
0.020207332,0.9797927,1,1
1.577385e-08,1.0,1,1
0.00042706987,0.99957293,1,1
0.0014011126,0.9985989,1,1
0.00034838877,0.99965155,1,1
0.03799301,0.96200705,1,1
0.0018474665,0.99815255,1,1
1.5221543e-10,1.0,1,1
0.022985647,0.97701436,1,1
0.00093952037,0.99906045,1,1
5.0263363e-05,0.9999497,1,1
0.134556,0.86544406,1,1
3.2534954e-06,0.9999968,1,1
0.00015601434,0.99984396,1,1
1.3229712e-05,0.99998677,1,1
8.3779486e-07,0.99999917,1,1
0.00047284996,0.9995272,1,1
0.009929878,0.99007016,1,1
0.0037120641,0.99628794,1,1
0.006436633,0.9935634,1,1
0.08088185,0.9191181,1,1
0.0042157015,0.9957842,1,1
1.0,3.4137507e-08,0,0
1.0,1.8898966e-08,0,0
0.00030614532,0.9996939,1,0
1.0,2.2288427e-09,0,0
0.99999917,8.693736e-07,0,0
0.99999857,1.4418019e-06,0,0
0.9999765,2.351227e-05,0,0
0.99999917,8.927121e-07,0,0
0.0005458289,0.9994542,1,0
0.99999976,2.3577505e-07,0,0
0.998806,0.0011940497,0,0
0.9986426,0.0013574124,0,0
0.9999999,1.4386482e-07,0,0
0.05539353,0.9446065,1,0
0.99999595,4.0837804e-06,0,0
0.99999964,4.0193868e-07,0,0
0.69837403,0.30162597,0,0
0.20936295,0.790637,1,0
0.6428033,0.3571967,0,0
0.70916855,0.29083145,0,0
0.051306088,0.94869393,1,0
0.99999964,4.0212004e-07,0,0
0.9999999,6.4953205e-08,0,0
0.549692,0.45030802,0,0
0.9999988,1.2482186e-06,0,0
0.9949269,0.005073019,0,0
0.00077871996,0.9992213,1,0
0.99827325,0.0017267978,0,0
0.00021246758,0.9997875,1,0
0.87735254,0.12264752,0,0
0.9999906,9.413803e-06,0,0
0.99998665,1.3364789e-05,0,0
0.025206026,0.974794,1,0
2.8462602e-10,1.0,1,0
0.9997043,0.00029566407,0,0
1.7619874e-05,0.99998236,1,0
0.9991326,0.0008674229,0,0
0.0003389082,0.9996611,1,0
1.0,3.9008793e-08,0,0
1.0,4.64243e-08,0,0
1.0,1.1527388e-09,0,0
0.99999976,2.6294634e-07,0,0
0.9905828,0.009417198,0,0
1.6705073e-06,0.99999833,1,0
0.9999144,8.562849e-05,0,0
0.9999294,7.053763e-05,0,0
0.3634247,0.6365753,1,0
0.99999154,8.4299045e-06,0,0
0.99999785,2.1437847e-06,0,0
0.9999924,7.609785e-06,0,0
0.999979,2.0931293e-05,0,0
0.99999976,2.3701318e-07,0,0
2.727615e-07,0.99999976,1,0
0.20943253,0.79056746,1,0
1.0,1.7218603e-08,0,0
0.99992895,7.100105e-05,0,0
0.9993036,0.0006963644,0,0
0.99999654,3.4715242e-06,0,0
0.997869,0.002130941,0,0
0.0003366139,0.99966335,1,0
0.9999999,8.9363404e-08,0,0
0.9999385,6.152891e-05,0,0
8.858639e-05,0.9999114,1,0
0.99792445,0.002075476,0,0
0.4878048,0.51219517,1,0
1.0,2.3331898e-08,0,0
0.99932516,0.00067480985,0,0
0.9978398,0.002160187,0,0
0.99998975,1.0261673e-05,0,0
0.9999083,9.162548e-05,0,0
1.7832559e-09,1.0,1,0
0.9999958,4.198471e-06,0,0
1.0,6.5749663e-09,0,0
0.9920487,0.007951257,0,0
0.9983358,0.0016642754,0,0
0.99999845,1.4951816e-06,0,0
0.9999999,1.2732583e-07,0,0
0.9988859,0.0011140768,0,0
0.003162691,0.99683726,1,0
1.9758865e-11,1.0,1,0
0.9992317,0.00076833914,0,0
0.99197537,0.008024624,0,0
0.96586454,0.034135394,0,0
0.99995565,4.43475e-05,0,0
0.9999994,5.379066e-07,0,0
0.00027033096,0.9997297,1,0
0.9982948,0.0017052769,0,0
0.99951565,0.00048430747,0,0
1.0,2.458729e-08,0,0
0.999951,4.897772e-05,0,0
0.37175477,0.62824523,1,0
0.99986327,0.00013669037,0,0
0.00078636024,0.9992136,1,0
0.9996953,0.00030469784,0,0
0.999959,4.095546e-05,0,0
0.4780554,0.52194464,1,0
0.00586451,0.9941355,1,0
0.001569807,0.9984302,1,0
0.9999888,1.122059e-05,0,0
0.99952173,0.00047832762,0,0
0.9999995,4.422527e-07,0,0
0.99999416,5.8335118e-06,0,0
1.7675352e-07,0.9999999,1,0
0.99528044,0.0047195223,0,0
1.0,9.331821e-09,0,0
0.9999919,8.049483e-06,0,0
0.9999939,6.038751e-06,0,0
0.021882733,0.97811735,1,0
0.96114653,0.038853493,0,0
0.9996338,0.00036624866,0,0
0.30012077,0.6998793,1,0
0.9999975,2.533568e-06,0,0
0.9430323,0.056967665,0,0
0.00039217525,0.99960786,1,0
0.99998987,1.0134185e-05,0,0
1.389154e-12,1.0,1,0
0.9994449,0.0005551293,0,0
0.98915625,0.010843695,0,0
0.99629265,0.0037072932,0,0
0.9999963,3.6592958e-06,0,0
0.99770725,0.002292725,0,0
0.9999423,5.7743928e-05,0,0
2.273761e-06,0.99999774,1,0
0.011160121,0.9888399,1,0
0.9970784,0.0029215587,0,0
0.9989248,0.0010751996,0,0
0.78876024,0.21123976,0,0
0.99995637,4.3662236e-05,0,0
0.9999999,1.3719053e-07,0,0
0.018374387,0.98162556,1,0
0.9999459,5.4170996e-05,0,0
0.99996305,3.6983496e-05,0,0
0.46012506,0.5398749,1,0
1.0,2.8637047e-08,0,0
0.23965245,0.76034755,1,0
0.9903628,0.0096371835,0,0
0.95529526,0.044704743,0,0
0.9995382,0.0004618134,0,0
0.9998348,0.00016523142,0,0
0.99999666,3.301517e-06,0,0
0.99999964,3.329222e-07,0,0
0.9989073,0.0010927219,0,0
0.9999999,1.0598996e-07,0,0
0.99998486,1.5167258e-05,0,0
0.99998176,1.8223353e-05,0,0
1.0,9.6673505e-09,0,0
0.9966505,0.0033494923,0,0
0.9824715,0.017528484,0,0
0.9984831,0.0015169409,0,0
0.980558,0.019442014,0,0
0.9948637,0.005136291,0,0
0.00012554912,0.9998745,1,0
0.9995179,0.00048204654,0,0
4.5288558e-05,0.9999547,1,0
0.9992267,0.0007732596,0,0
0.9991775,0.00082246354,0,0
1.0,4.0639705e-08,0,0
0.8390501,0.1609499,0,0
0.9090835,0.09091654,0,0
0.98639864,0.013601439,0,0
1.9972128e-09,1.0,1,0
0.99999654,3.4443444e-06,0,0
0.9999994,6.5354413e-07,0,0
0.99996746,3.253653e-05,0,0
0.9933842,0.006615794,0,0
0.9999999,1.631675e-07,0,0
7.4576776e-05,0.9999254,1,0
0.0746445,0.92535555,1,0
4.5460256e-05,0.9999546,1,0
0.14147831,0.8585217,1,0
0.03020453,0.9697955,1,0
0.9999989,1.0133189e-06,0,0
0.9991555,0.00084443914,0,0
0.99985254,0.00014745272,0,0
0.00040637454,0.9995937,1,0
2.591773e-05,0.99997413,1,0
0.9999988,1.2335529e-06,0,0
0.99992216,7.781157e-05,0,0
0.24665745,0.75334257,1,0
0.94555956,0.054440416,0,0
1.0,2.324741e-08,0,0
1.4682689e-06,0.99999857,1,0
0.96663517,0.0333648,0,0
1.0,3.300275e-08,0,0
0.16439933,0.8356007,1,0
0.999998,2.014887e-06,0,0
0.99721223,0.0027877912,0,0
0.8587213,0.14127871,0,0
0.8715284,0.1284716,0,0
1.0,1.79503e-08,0,0
0.99999,1.0056587e-05,0,0
1.0,1.1437136e-09,0,0
0.007947722,0.9920523,1,0
1.1766002e-05,0.9999882,1,0
0.9999738,2.6243973e-05,0,0
0.9999999,1.5228461e-07,0,0
0.6217249,0.37827513,0,0
1.0,4.5184237e-08,0,0
0.99972683,0.00027314737,0,0
0.9999976,2.3662117e-06,0,0
0.13027875,0.8697213,1,0
1.0,1.6589983e-08,0,0
0.99999666,3.383709e-06,0,0
0.9999995,4.4065038e-07,0,0
2.9459482e-06,0.999997,1,0
0.99998057,1.9440991e-05,0,0
0.9999964,3.528924e-06,0,0
0.036964364,0.9630357,1,0
1.0,7.508476e-09,0,0
0.9998004,0.00019967926,0,0
1.0,1.6266961e-08,0,0
0.2590608,0.74093926,1,0
0.90006506,0.09993498,0,0
0.99762815,0.0023719065,0,0
0.9999963,3.7431807e-06,0,0
0.99996257,3.743185e-05,0,0
0.93965864,0.060341317,0,0
0.99999976,1.8994048e-07,0,0
0.9256812,0.07431881,0,0
0.50661594,0.49338412,0,0
0.99999976,2.0297709e-07,0,0
0.88468736,0.11531268,0,0
0.79961884,0.20038117,0,0
0.99999964,3.975076e-07,0,0
9.0265665e-08,0.9999999,1,0
0.9997956,0.00020435195,0,0
1.1259318e-05,0.9999888,1,0
0.9999999,1.3706615e-07,0,0
0.9999999,1.6094896e-07,0,0
0.49642435,0.5035756,1,0
0.9999664,3.3643028e-05,0,0
0.99999976,1.9774431e-07,0,0
0.00017988062,0.9998202,1,0
0.99999833,1.7195568e-06,0,0
0.99990046,9.957894e-05,0,0
0.9989071,0.0010928686,0,0
0.9999931,6.8851286e-06,0,0
0.9999919,8.088945e-06,0,0
1.02688e-05,0.99998975,1,0
0.9999093,9.073558e-05,0,0
0.998538,0.001461963,0,0
0.99999964,4.0866954e-07,0,0
3.8267557e-05,0.99996173,1,0
0.9944148,0.005585124,0,0
5.8864392e-05,0.9999411,1,0
0.99996483,3.5215362e-05,0,0
0.0049888343,0.9950112,1,0
0.9999988,1.1778415e-06,0,0
0.38107628,0.6189237,1,0
4.9326926e-10,1.0,1,0
0.1635379,0.8364621,1,0
0.9999999,1.540819e-07,0,0
0.99764544,0.0023544913,0,0
1.0,1.2873356e-08,0,0
1.0,1.8329493e-08,0,0
1.0,3.2849057e-09,0,0
2.9686458e-08,1.0,1,0
0.99997234,2.7627437e-05,0,0
0.9999989,1.0976169e-06,0,0
0.99999106,8.88863e-06,0,0
0.994718,0.005281995,0,0
0.9996911,0.0003089525,0,0
0.99893624,0.0010637793,0,0
0.95263636,0.047363702,0,0
0.99999976,2.9785127e-07,0,0
0.065257564,0.93474245,1,0
1.0,1.7617856e-08,0,0
1.0,2.2980556e-08,0,0
0.9999982,1.8384518e-06,0,0
1.0,2.4530553e-09,0,0
0.99999774,2.2108466e-06,0,0
0.95563924,0.044360705,0,0
0.889002,0.11099794,0,0
0.99999964,3.4065218e-07,0,0
0.9999765,2.3479735e-05,0,0
0.012005914,0.9879941,1,0
0.99868387,0.0013161227,0,0
0.003816484,0.99618345,1,0
0.9999851,1.4917498e-05,0,0
0.0015860038,0.99841404,1,0
0.99999106,8.975661e-06,0,0
0.99042904,0.009570928,0,0
0.99999535,4.6302944e-06,0,0
1.0,3.2000707e-09,0,0
0.9999994,5.9156133e-07,0,0
0.9999999,1.4019419e-07,0,0
0.14202693,0.8579731,1,0
0.9999999,1.02807405e-07,0,0
0.047850907,0.9521491,1,0
0.0151526155,0.98484737,1,0
0.998995,0.0010049404,0,0
0.9988701,0.0011299417,0,0
5.431248e-08,1.0,1,0
3.6856437e-07,0.99999964,1,0
0.99948514,0.00051482115,0,0
0.00017527465,0.9998247,1,0
0.6419805,0.35801947,0,0
0.9998535,0.00014647108,0,0
0.9999999,9.585774e-08,0,0
0.99945945,0.00054053223,0,0
1.0,1.45836125e-08,0,0
1.0,9.57937e-10,0,0
