0,1,class_label,target_label
0.97783214,0.022167807,0,1
1.0,6.826238e-09,0,1
0.99092203,0.009077909,0,1
0.9922198,0.007780213,0,1
0.9999912,8.843674e-06,0,1
0.99974567,0.00025429722,0,1
0.9996412,0.00035881685,0,1
0.851131,0.148869,0,1
0.99994195,5.8061974e-05,0,1
0.9999901,9.9022045e-06,0,1
0.9999995,4.382026e-07,0,1
0.99999976,1.8546693e-07,0,1
0.983275,0.016724968,0,1
0.997299,0.0027010236,0,1
1.0,6.043814e-09,0,1
0.98686326,0.013136772,0,1
0.9866455,0.013354457,0,1
0.9987024,0.0012975353,0,1
1.0,1.2979347e-08,0,1
0.9829329,0.017067079,0,1
0.9985165,0.001483483,0,1
0.9999999,1.0854961e-07,0,1
0.9779497,0.02205027,0,1
1.0,2.3370692e-08,0,1
1.0,5.742165e-09,0,1
1.0,2.6172946e-11,0,1
0.9935836,0.0064163944,0,1
0.9999939,6.077889e-06,0,1
0.9999999,1.0353787e-07,0,1
0.99815494,0.001845064,0,1
0.9762621,0.023737928,0,1
0.9999981,1.934277e-06,0,1
0.9999995,4.3377818e-07,0,1
0.9999999,1.0959499e-07,0,1
0.999998,2.0388966e-06,0,1
0.9096742,0.09032579,0,1
0.9999999,1.2007787e-07,0,1
0.9999999,1.3050897e-07,0,1
0.9999995,4.790391e-07,0,1
0.99931,0.000690008,0,1
0.9999995,5.070501e-07,0,1
1.0,4.362655e-09,0,1
1.0,8.392441e-10,0,1
0.9999707,2.9363468e-05,0,1
0.9997886,0.00021141153,0,1
0.98339015,0.016609909,0,1
0.9996258,0.00037423405,0,1
0.968133,0.031867065,0,1
1.0,8.36195e-11,0,1
0.8736872,0.12631276,0,1
0.9999944,5.615414e-06,0,1
1.0,1.5476951e-09,0,1
0.97016394,0.029836036,0,1
0.99841857,0.0015813796,0,1
0.99999976,2.0542947e-07,0,1
0.9861514,0.013848611,0,1
0.9999999,8.477007e-08,0,1
0.99398524,0.0060147895,0,1
1.0,1.3125908e-08,0,1
1.0,6.5129084e-09,0,1
1.0,8.2579596e-11,0,1
1.0,9.099164e-09,0,1
0.9999999,9.489397e-08,0,1
1.0,5.1002587e-08,0,1
0.9999838,1.6256425e-05,0,1
0.99731076,0.002689218,0,1
0.9750185,0.024981463,0,1
0.9993674,0.0006326583,0,1
1.0,4.1723283e-08,0,1
0.9999981,1.868561e-06,0,1
0.999711,0.0002890057,0,1
0.9795274,0.0204726,0,1
0.96281934,0.037180655,0,1
1.0,4.8641116e-08,0,1
1.0,1.396505e-08,0,1
0.9999989,1.0222574e-06,0,1
0.9999999,9.225163e-08,0,1
1.0,8.1284784e-10,0,1
0.9951599,0.0048400806,0,1
0.9999654,3.4596258e-05,0,1
0.97666115,0.023338908,0,1
0.9995223,0.0004776938,0,1
1.0,3.0562908e-09,0,1
0.9986131,0.0013868106,0,1
0.99999976,2.4103736e-07,0,1
1.0,7.005092e-09,0,1
0.99976426,0.00023569967,0,1
0.9172219,0.082778074,0,1
0.99999964,3.172815e-07,0,1
1.0,1.8844208e-09,0,1
0.99990916,9.078577e-05,0,1
1.0,1.9209217e-08,0,1
1.0,3.3322325e-10,0,1
0.999589,0.00041100133,0,1
1.0,2.9315428e-08,0,1
0.99999917,8.8333377e-07,0,1
0.9905619,0.009438126,0,1
0.97092324,0.029076705,0,1
0.9999999,6.548212e-08,0,1
0.8806664,0.119333625,0,1
0.9999877,1.2257966e-05,0,1
1.0,4.6356743e-10,0,1
1.0,3.6740742e-09,0,1
0.98616207,0.013837908,0,1
0.57325566,0.42674434,0,1
0.98036516,0.019634923,0,1
0.99840087,0.0015991537,0,1
0.9921983,0.0078017577,0,1
0.9959197,0.004080275,0,1
0.9999558,4.4282002e-05,0,1
0.99269193,0.007308041,0,1
1.0,3.16509e-08,0,1
0.9911447,0.008855269,0,1
0.9999999,1.7076927e-07,0,1
1.0,6.717123e-10,0,1
1.0,1.465496e-09,0,1
1.0,5.902643e-11,0,1
0.8667476,0.13325234,0,1
0.996594,0.0034059987,0,1
1.0,1.3626922e-10,0,1
0.99998534,1.462579e-05,0,1
0.9919917,0.008008356,0,1
0.99998975,1.02009535e-05,0,1
0.94065624,0.059343744,0,1
0.8948247,0.105175376,0,1
0.9953022,0.004697824,0,1
0.9999989,1.0981519e-06,0,1
0.9893332,0.010666808,0,1
0.975903,0.024097035,0,1
0.9439375,0.056062523,0,1
1.0,3.946378e-09,0,1
0.99985325,0.00014678022,0,1
0.99999976,2.5674206e-07,0,1
0.9512714,0.0487286,0,1
0.9999982,1.7336797e-06,0,1
0.93637615,0.06362386,0,1
0.22673129,0.77326876,1,1
0.9959065,0.0040935697,0,1
0.99999774,2.2418876e-06,0,1
1.0,1.2332061e-08,0,1
1.0,9.274754e-09,0,1
0.9999999,6.291819e-08,0,1
0.98797417,0.012025817,0,1
0.9967579,0.003242041,0,1
0.9265747,0.07342527,0,1
0.49978486,0.5002152,1,1
0.7778461,0.22215389,0,1
0.9999913,8.686901e-06,0,1
1.0,2.13974e-09,0,1
0.99979526,0.0002048049,0,1
0.99776447,0.0022354787,0,1
1.0,5.0521294e-08,0,1
0.9999999,1.2835285e-07,0,1
0.9995844,0.0004155706,0,1
0.9999975,2.5151753e-06,0,1
1.0,1.7988541e-09,0,1
0.9999993,7.1540705e-07,0,1
0.97970635,0.020293666,0,1
0.9999999,6.3301336e-08,0,1
0.9936056,0.0063943956,0,1
0.99993896,6.097727e-05,0,1
1.0,5.7366286e-08,0,1
1.0,1.0308207e-08,0,1
0.99444526,0.005554783,0,1
0.99999595,3.999899e-06,0,1
0.9960359,0.0039641466,0,1
0.9646766,0.03532339,0,1
0.59109515,0.40890485,0,1
0.9895097,0.010490359,0,1
0.9137238,0.08627614,0,1
0.998697,0.001303093,0,1
0.8011813,0.1988187,0,1
0.97997206,0.020027962,0,1
0.45611778,0.54388225,1,1
0.88411015,0.11588986,0,1
1.0,2.6220853e-08,0,1
1.0,2.5913938e-08,0,1
0.99971753,0.00028241938,0,1
0.99739,0.0026100085,0,1
1.0,4.92965e-08,0,1
0.9731695,0.026830494,0,1
1.0,1.1021435e-09,0,1
0.9935354,0.0064646387,0,1
0.9999442,5.5758443e-05,0,1
0.9999176,8.232741e-05,0,1
0.99999905,9.808462e-07,0,1
0.9551178,0.04488213,0,1
0.9964139,0.0035861714,0,1
0.9508335,0.049166523,0,1
0.9999654,3.456226e-05,0,1
0.9963846,0.0036153968,0,1
1.0,5.8858083e-09,0,1
1.0,1.42457015e-08,0,1
0.99945253,0.00054750906,0,1
0.99440825,0.0055917543,0,1
0.015395497,0.98460454,1,1
5.5618984e-05,0.9999443,1,1
0.031177413,0.96882254,1,1
0.0010801201,0.99891984,1,1
2.1650657e-09,1.0,1,1
0.5669115,0.43308848,0,1
0.064615265,0.93538475,1,1
0.0066231564,0.9933769,1,1
0.09412536,0.9058746,1,1
4.264202e-10,1.0,1,1
8.318912e-09,1.0,1,1
0.16043706,0.83956295,1,1
1.6817432e-07,0.9999999,1,1
1.3623998e-08,1.0,1,1
0.0017191244,0.9982809,1,1
4.982207e-07,0.9999995,1,1
0.058387436,0.9416126,1,1
3.0536871e-06,0.9999969,1,1
0.0018250239,0.998175,1,1
0.022172362,0.9778276,1,1
8.799342e-05,0.999912,1,1
8.7077237e-13,1.0,1,1
0.0004947065,0.9995053,1,1
0.26113757,0.7388624,1,1
1.2586596e-05,0.99998736,1,1
1.2414147e-07,0.9999999,1,1
7.5578423e-06,0.9999925,1,1
3.9072684e-06,0.99999607,1,1
0.0050292057,0.9949708,1,1
0.025741791,0.97425824,1,1
0.0006806396,0.9993193,1,1
0.0027913488,0.99720865,1,1
1.6665243e-05,0.9999833,1,1
0.14789636,0.8521037,1,1
0.0004895749,0.9995104,1,1
0.00039116113,0.9996088,1,1
0.0021477605,0.9978522,1,1
0.0023994572,0.9976005,1,1
0.027574733,0.9724253,1,1
0.06034573,0.93965435,1,1
9.45382e-06,0.9999906,1,1
2.3192143e-07,0.99999976,1,1
1.4356152e-07,0.9999999,1,1
0.001887114,0.9981129,1,1
0.015379479,0.98462045,1,1
0.014127375,0.9858726,1,1
6.247896e-05,0.99993753,1,1
0.050249543,0.9497504,1,1
0.008706831,0.99129313,1,1
0.00021272604,0.9997873,1,1
0.030803123,0.96919686,1,1
0.00015542709,0.99984455,1,1
0.08689167,0.9131084,1,1
2.8507003e-09,1.0,1,1
7.2154603e-06,0.9999927,1,1
0.005269588,0.99473035,1,1
2.4843033e-07,0.99999976,1,1
1.7918366e-05,0.9999821,1,1
1.0320756e-12,1.0,1,1
0.21107687,0.78892314,1,1
4.001027e-11,1.0,1,1
0.26202232,0.7379776,1,1
0.089179546,0.9108204,1,1
7.735571e-07,0.9999993,1,1
2.920189e-05,0.9999708,1,1
4.185837e-09,1.0,1,1
1.0219469e-07,0.9999999,1,1
0.005606085,0.99439394,1,1
0.05187215,0.94812787,1,1
0.092537776,0.90746224,1,1
1.200319e-05,0.99998796,1,1
1.2982961e-12,1.0,1,1
0.078578286,0.92142177,1,1
0.028770138,0.9712298,1,1
0.001068232,0.9989317,1,1
9.544012e-09,1.0,1,1
1.8134725e-07,0.99999976,1,1
1.3837357e-08,1.0,1,1
1.1133611e-08,1.0,1,1
7.955416e-06,0.999992,1,1
0.3148623,0.6851377,1,1
2.2325787e-06,0.99999774,1,1
0.0027512147,0.9972487,1,1
0.020622728,0.97937727,1,1
0.0224681,0.9775319,1,1
2.3833197e-06,0.9999976,1,1
0.00063775264,0.9993623,1,1
7.677012e-07,0.9999993,1,1
7.678462e-12,1.0,1,1
8.224287e-08,0.9999999,1,1
0.016174288,0.98382574,1,1
0.013345263,0.98665476,1,1
1.5185335e-05,0.99998486,1,1
0.014375693,0.9856243,1,1
0.16239503,0.837605,1,1
0.17355363,0.82644635,1,1
1.1645646e-08,1.0,1,1
1.0662354e-12,1.0,1,1
4.0972046e-07,0.99999964,1,1
7.2919972e-09,1.0,1,1
1.356877e-06,0.9999987,1,1
2.5589704e-09,1.0,1,1
0.0007149943,0.99928504,1,1
0.04850582,0.9514942,1,1
2.6460047e-08,1.0,1,1
5.6775923e-05,0.99994326,1,1
0.0009344292,0.9990656,1,1
0.0003904719,0.99960953,1,1
0.00016351895,0.99983644,1,1
0.021023652,0.9789763,1,1
0.07325446,0.9267456,1,1
0.03065246,0.9693476,1,1
0.0007850818,0.9992149,1,1
0.3099334,0.6900666,1,1
0.005818539,0.99418145,1,1
0.0052336752,0.99476635,1,1
7.415851e-05,0.99992585,1,1
3.2652534e-09,1.0,1,1
1.3527615e-07,0.9999999,1,1
0.00061710447,0.99938285,1,1
1.612188e-08,1.0,1,1
4.657593e-06,0.99999535,1,1
5.983473e-06,0.99999404,1,1
0.009034784,0.99096525,1,1
3.7033193e-10,1.0,1,1
0.053903997,0.94609606,1,1
4.403706e-08,1.0,1,1
0.006700949,0.993299,1,1
0.0104240915,0.98957586,1,1
4.3599954e-08,1.0,1,1
1.0694943e-12,1.0,1,1
0.07397654,0.9260235,1,1
6.276771e-10,1.0,1,1
0.11743172,0.88256824,1,1
8.246919e-06,0.9999918,1,1
1.441443e-05,0.9999856,1,1
4.7017627e-05,0.99995303,1,1
0.0014670715,0.9985329,1,1
0.00457386,0.9954261,1,1
6.453128e-06,0.99999356,1,1
9.747445e-13,1.0,1,1
6.464e-09,1.0,1,1
1.2569157e-05,0.9999875,1,1
6.7573626e-07,0.9999993,1,1
1.2239696e-05,0.9999877,1,1
1.4023571e-05,0.99998593,1,1
2.5104557e-10,1.0,1,1
0.461955,0.538045,1,1
0.008236098,0.99176395,1,1
1.8091494e-05,0.9999819,1,1
0.14992213,0.8500779,1,1
2.7205893e-08,1.0,1,1
0.07418397,0.92581606,1,1
0.00085927837,0.99914074,1,1
0.00011056151,0.9998894,1,1
0.0012526184,0.99874735,1,1
0.00094794465,0.9990521,1,1
3.0726624e-05,0.99996924,1,1
7.677154e-05,0.9999232,1,1
0.17923626,0.8207637,1,1
0.00010020953,0.99989974,1,1
5.5272046e-08,1.0,1,1
0.0008700507,0.99912995,1,1
1.7289729e-07,0.9999999,1,1
0.00041301345,0.999587,1,1
3.9634207e-07,0.99999964,1,1
1.0331693e-07,0.9999999,1,1
0.029702844,0.97029716,1,1
0.11318414,0.8868159,1,1
0.0133148,0.98668516,1,1
0.103800185,0.8961998,1,1
0.1827381,0.8172619,1,1
0.009416654,0.9905833,1,1
0.0003288779,0.9996711,1,1
0.016174402,0.9838256,1,1
4.4093788e-08,1.0,1,1
6.6378154e-05,0.9999336,1,1
5.183116e-08,1.0,1,1
1.0564173e-05,0.9999894,1,1
0.058399834,0.9416002,1,1
0.079019286,0.9209807,1,1
4.7977624e-05,0.9999521,1,1
4.49303e-06,0.99999547,1,1
1.9828696e-12,1.0,1,1
6.821218e-05,0.9999318,1,1
0.00026016388,0.9997398,1,1
0.00014006374,0.9998599,1,1
0.1602102,0.83978975,1,1
0.06715072,0.9328493,1,1
0.0050840755,0.99491596,1,1
1.24148e-05,0.9999876,1,1
0.04510905,0.9548909,1,1
1.4204108e-08,1.0,1,1
0.062306184,0.93769383,1,1
3.7846335e-09,1.0,1,1
0.9995364,0.00046364768,0,0
0.9999144,8.561926e-05,0,0
0.95056903,0.049430963,0,0
0.99999976,2.9746153e-07,0,0
0.9999999,7.523086e-08,0,0
0.99993515,6.483838e-05,0,0
1.0,3.3369172e-08,0,0
2.0060692e-10,1.0,1,0
1.0,1.2401645e-08,0,0
0.0010132076,0.9989868,1,0
0.6062625,0.39373755,0,0
0.99977964,0.00022041777,0,0
0.99991953,8.044837e-05,0,0
3.0762935e-06,0.9999969,1,0
1.0,2.3155383e-10,0,0
0.8894226,0.110577434,0,0
0.9999999,7.180099e-08,0,0
0.9999999,1.3887177e-07,0,0
1.0,1.8339834e-09,0,0
0.99852556,0.0014744105,0,0
0.00015559583,0.99984443,1,0
1.0,5.743477e-10,0,0
0.93698996,0.063010015,0,0
1.0,3.0552008e-09,0,0
0.9999945,5.4748707e-06,0,0
1.0,4.033529e-08,0,0
0.091383606,0.90861636,1,0
0.9999999,1.1326753e-07,0,0
0.9999267,7.331872e-05,0,0
3.7333552e-06,0.9999963,1,0
0.13678852,0.86321145,1,0
0.99997044,2.9564873e-05,0,0
0.99999034,9.713997e-06,0,0
0.014142618,0.98585737,1,0
1.0,1.0684322e-08,0,0
5.4274676e-07,0.9999994,1,0
0.9999851,1.4930805e-05,0,0
0.74082017,0.2591799,0,0
0.99999905,9.419346e-07,0,0
0.987141,0.012858996,0,0
0.050241522,0.94975847,1,0
0.9343306,0.06566939,0,0
1.0,1.5093917e-08,0,0
0.99999964,3.104677e-07,0,0
0.8106483,0.18935171,0,0
1.0,4.8472537e-09,0,0
1.0,9.10314e-09,0,0
1.0,2.1591612e-08,0,0
0.9832634,0.016736683,0,0
0.9999832,1.6772818e-05,0,0
1.0,5.8743716e-08,0,0
0.99995947,4.0587845e-05,0,0
0.1357135,0.8642865,1,0
1.0,7.248483e-09,0,0
0.999995,5.007748e-06,0,0
1.0,3.9039887e-09,0,0
0.91882986,0.08117009,0,0
0.99997616,2.3813342e-05,0,0
0.9999995,4.893513e-07,0,0
5.4506955e-07,0.9999994,1,0
0.29754364,0.70245636,1,0
3.850146e-05,0.9999615,1,0
0.9898224,0.010177649,0,0
0.9914193,0.008580665,0,0
0.087495826,0.9125042,1,0
1.0,3.19457e-09,0,0
0.00482254,0.9951775,1,0
0.009458453,0.9905415,1,0
0.977759,0.022240987,0,0
0.9999882,1.1743963e-05,0,0
1.0,3.4275347e-09,0,0
0.9999269,7.306759e-05,0,0
0.9999045,9.543229e-05,0,0
1.4428093e-08,1.0,1,0
0.023093835,0.9769061,1,0
0.3464617,0.6535383,1,0
0.9999999,1.2305163e-07,0,0
1.0,1.7778086e-09,0,0
0.9983777,0.001622254,0,0
1.0,4.460241e-08,0,0
0.7285856,0.27141446,0,0
0.3164668,0.68353313,1,0
1.0,1.1959198e-10,0,0
0.99999976,2.0485429e-07,0,0
0.9695104,0.03048965,0,0
0.99997103,2.8929198e-05,0,0
0.9999995,4.865216e-07,0,0
0.9999974,2.6638097e-06,0,0
0.99998784,1.2215256e-05,0,0
0.9095825,0.0904175,0,0
0.6929272,0.30707285,0,0
1.0,1.397163e-08,0,0
0.9922341,0.007765892,0,0
1.0,2.5813549e-08,0,0
0.99998057,1.9376856e-05,0,0
0.0027213865,0.99727863,1,0
0.934065,0.065935016,0,0
3.9639985e-05,0.9999603,1,0
0.009231068,0.99076897,1,0
0.04720733,0.9527927,1,0
0.8051705,0.19482958,0,0
1.5528432e-06,0.99999845,1,0
0.99807334,0.0019266099,0,0
1.5732252e-05,0.99998426,1,0
0.9923827,0.0076172547,0,0
1.0,5.6379285e-08,0,0
0.9999651,3.4901725e-05,0,0
0.9999993,7.7234375e-07,0,0
0.8921162,0.107883744,0,0
1.0,1.5251467e-11,0,0
0.00012429562,0.99987566,1,0
0.99807644,0.0019235756,0,0
0.60446405,0.39553592,0,0
1.0,1.0707575e-09,0,0
0.98401964,0.01598036,0,0
0.13872111,0.86127883,1,0
1.0,4.5366967e-08,0,0
0.9981249,0.0018750883,0,0
1.0,5.0321834e-08,0,0
0.99937016,0.00062990515,0,0
0.99847907,0.0015209321,0,0
0.0006859665,0.99931407,1,0
4.157037e-08,1.0,1,0
0.99975985,0.0002401842,0,0
0.9999993,7.359397e-07,0,0
0.99999964,3.155085e-07,0,0
0.7904929,0.20950711,0,0
0.59185714,0.40814286,0,0
1.0,2.6222127e-10,0,0
0.9999999,1.6977611e-07,0,0
1.0,1.6087468e-09,0,0
0.99999976,2.629491e-07,0,0
0.999984,1.5984262e-05,0,0
0.9998492,0.00015079298,0,0
7.769553e-06,0.99999225,1,0
0.99986064,0.0001393169,0,0
0.9992188,0.00078113645,0,0
0.9999938,6.1690457e-06,0,0
0.9999926,7.3523847e-06,0,0
0.024085848,0.9759142,1,0
1.0,1.3887376e-09,0,0
3.5659858e-05,0.99996436,1,0
0.23897807,0.761022,1,0
0.008052647,0.99194735,1,0
9.363035e-10,1.0,1,0
0.99172944,0.008270601,0,0
0.9999999,6.685801e-08,0,0
0.9999993,6.751115e-07,0,0
0.99993587,6.4154396e-05,0,0
0.01649205,0.983508,1,0
0.9978079,0.0021920498,0,0
0.99557084,0.0044291285,0,0
0.99999404,5.9249346e-06,0,0
0.98898125,0.0110188285,0,0
0.999912,8.794862e-05,0,0
2.776523e-09,1.0,1,0
1.0,1.6728935e-08,0,0
1.0,6.886814e-09,0,0
0.03595619,0.9640438,1,0
0.9900906,0.009909426,0,0
1.0,2.0863103e-08,0,0
1.0,3.1641765e-09,0,0
0.0068050884,0.99319494,1,0
0.0014789468,0.99852103,1,0
0.99601114,0.0039888136,0,0
0.002631216,0.9973688,1,0
0.9999988,1.2131377e-06,0,0
0.98424006,0.015759904,0,0
0.004185188,0.99581486,1,0
1.0,7.498829e-09,0,0
0.9999999,7.015672e-08,0,0
0.071158044,0.928842,1,0
1.974664e-09,1.0,1,0
7.690174e-05,0.9999231,1,0
1.9865784e-07,0.99999976,1,0
2.1874986e-07,0.99999976,1,0
0.03582817,0.9641718,1,0
0.00096863054,0.9990314,1,0
0.99847287,0.0015271332,0,0
0.999977,2.3041466e-05,0,0
1.0,8.6369406e-10,0,0
0.99999475,5.268428e-06,0,0
1.0,1.3513521e-11,0,0
0.9999995,5.0217284e-07,0,0
0.9999881,1.19735805e-05,0,0
0.99999666,3.3919541e-06,0,0
0.2149365,0.78506356,1,0
1.8266377e-06,0.9999982,1,0
0.9999809,1.9061867e-05,0,0
0.25628364,0.74371636,1,0
0.99998975,1.0286384e-05,0,0
9.657038e-11,1.0,1,0
1.0,3.1825553e-11,0,0
0.9992822,0.0007178396,0,0
2.0900318e-06,0.99999785,1,0
1.0,5.632605e-09,0,0
0.9938828,0.006117262,0,0
0.9442255,0.05577444,0,0
1.0,2.0822236e-08,0,0
0.9999993,6.8913164e-07,0,0
0.9999572,4.2760763e-05,0,0
0.009833643,0.9901663,1,0
0.6225138,0.37748623,0,0
0.5824374,0.4175626,0,0
0.0061979755,0.993802,1,0
1.0,2.0114353e-08,0,0
0.018562943,0.9814371,1,0
4.313037e-05,0.99995685,1,0
1.0,2.6086702e-09,0,0
1.0,3.8781174e-09,0,0
0.9998097,0.00019037613,0,0
2.294039e-05,0.9999771,1,0
0.95213,0.047870055,0,0
1.0,1.1294217e-08,0,0
0.9999863,1.372503e-05,0,0
0.99996376,3.6292e-05,0,0
0.9981725,0.001827475,0,0
0.9676701,0.03232998,0,0
0.00019644754,0.9998036,1,0
5.1261263e-06,0.9999949,1,0
0.9999602,3.986833e-05,0,0
0.93440926,0.06559069,0,0
0.012899509,0.9871005,1,0
0.9996284,0.00037159087,0,0
0.99999726,2.7257813e-06,0,0
0.9415418,0.05845823,0,0
0.78112084,0.21887915,0,0
0.7740605,0.22593954,0,0
0.0018306577,0.9981693,1,0
0.96452004,0.03547996,0,0
0.6978737,0.30212632,0,0
0.3890621,0.6109379,1,0
1.0,9.620055e-10,0,0
0.99999976,2.1197475e-07,0,0
0.0001652935,0.99983466,1,0
0.96590745,0.034092493,0,0
0.9999995,5.1113955e-07,0,0
0.9999994,5.6659354e-07,0,0
1.0,2.72349e-09,0,0
0.9999994,6.409132e-07,0,0
0.9999995,4.3879768e-07,0,0
0.029211795,0.9707882,1,0
1.0,2.1872394e-08,0,0
0.99999845,1.5087303e-06,0,0
0.9999515,4.8537542e-05,0,0
1.0,1.8831416e-09,0,0
0.73130816,0.26869187,0,0
0.9999995,4.196183e-07,0,0
2.6535764e-07,0.99999976,1,0
0.99993074,6.9234906e-05,0,0
0.6505602,0.34943977,0,0
0.8168251,0.18317497,0,0
0.99999976,2.8149557e-07,0,0
5.015712e-07,0.9999995,1,0
1.0,8.22896e-09,0,0
0.26050735,0.73949265,1,0
0.4002398,0.5997602,1,0
1.0,2.3911955e-08,0,0
1.0,1.3687981e-10,0,0
0.99999905,9.770287e-07,0,0
0.9999989,1.0788422e-06,0,0
1.0,3.4585046e-09,0,0
1.0,1.1658302e-10,0,0
0.18458968,0.8154103,1,0
0.99999964,3.4761354e-07,0,0
0.99761415,0.0023858605,0,0
1.0,7.517934e-09,0,0
0.0103879515,0.98961204,1,0
0.99999034,9.61667e-06,0,0
0.99999976,2.8312064e-07,0,0
0.99999976,1.8066643e-07,0,0
1.0,9.515965e-09,0,0
0.00073858944,0.99926144,1,0
1.0,5.944174e-11,0,0
0.9986576,0.0013424213,0,0
0.9787162,0.021283735,0,0
0.9998354,0.00016463161,0,0
0.52843994,0.4715601,0,0
0.20924497,0.79075503,1,0
0.9996648,0.0003352303,0,0
0.9999318,6.817225e-05,0,0
1.0,2.0731952e-09,0,0
1.7740291e-12,1.0,1,0
0.9998847,0.00011531497,0,0
1.0,5.4682755e-11,0,0
0.9997154,0.00028463383,0,0
1.0,9.83201e-10,0,0
0.9838516,0.016148357,0,0
0.99999964,3.5880393e-07,0,0
0.99999917,8.4344026e-07,0,0
0.24413438,0.75586563,1,0
0.49623224,0.5037677,1,0
2.020475e-06,0.999998,1,0
0.3076634,0.69233656,1,0
0.8548243,0.14517567,0,0
0.006786228,0.9932138,1,0
0.9999969,3.1398563e-06,0,0
0.14393534,0.8560646,1,0
