0,1,class_label,target_label
0.9898516,0.010148455,0,1
0.99991465,8.534113e-05,0,1
1.0,2.6372327e-08,0,1
0.9998878,0.000112136215,0,1
0.9999994,6.372995e-07,0,1
0.9999999,1.6660036e-07,0,1
0.99991345,8.648364e-05,0,1
0.99937266,0.00062737253,0,1
0.99869365,0.0013063368,0,1
0.99867564,0.0013243253,0,1
0.9999944,5.63764e-06,0,1
1.0,3.8858342e-08,0,1
0.9340898,0.0659102,0,1
0.9999995,5.3241064e-07,0,1
0.9999888,1.121323e-05,0,1
0.99999475,5.2599485e-06,0,1
0.9808008,0.019199135,0,1
0.9994497,0.0005502763,0,1
0.99999654,3.4210914e-06,0,1
0.9999901,9.857375e-06,0,1
1.0,1.5441753e-08,0,1
0.9999387,6.129384e-05,0,1
0.77612185,0.2238782,0,1
0.9999994,5.6751986e-07,0,1
0.9999559,4.4129018e-05,0,1
0.9999763,2.375625e-05,0,1
0.9996834,0.00031667203,0,1
0.9999995,4.565246e-07,0,1
0.9858971,0.014102862,0,1
1.0,3.124691e-08,0,1
0.99989486,0.000105110455,0,1
0.9999989,1.0229313e-06,0,1
0.99998164,1.8309162e-05,0,1
0.99989367,0.00010638027,0,1
0.99987006,0.00012987234,0,1
0.95919025,0.040809732,0,1
0.9999999,7.391225e-08,0,1
0.9999317,6.8263194e-05,0,1
0.9678082,0.03219185,0,1
1.0,1.698673e-09,0,1
0.9999999,1.5356596e-07,0,1
0.9998288,0.0001711361,0,1
0.99247617,0.00752388,0,1
0.9206445,0.079355456,0,1
0.83752096,0.16247907,0,1
0.89427316,0.10572678,0,1
0.9997745,0.00022551761,0,1
0.9681129,0.03188709,0,1
0.9999993,6.635131e-07,0,1
0.9997334,0.00026660392,0,1
0.99982005,0.00018003317,0,1
0.99990475,9.518273e-05,0,1
0.99988353,0.00011646979,0,1
0.999236,0.00076397054,0,1
0.99685115,0.0031488473,0,1
0.9999958,4.2053275e-06,0,1
0.99998593,1.4033819e-05,0,1
0.9977768,0.002223208,0,1
0.99996054,3.9414084e-05,0,1
0.9999763,2.3721885e-05,0,1
0.914492,0.085507974,0,1
0.9118192,0.08818078,0,1
0.60061723,0.3993828,0,1
0.99999976,2.6266162e-07,0,1
0.9999999,1.17707515e-07,0,1
0.99949133,0.00050859066,0,1
0.99999225,7.729614e-06,0,1
0.9999999,1.05796474e-07,0,1
1.0,1.760902e-08,0,1
0.99863905,0.0013609553,0,1
0.8851804,0.11481953,0,1
0.99944144,0.000558518,0,1
0.6365632,0.3634368,0,1
0.9324722,0.06752774,0,1
0.9999746,2.5399173e-05,0,1
0.9999906,9.453766e-06,0,1
0.99789304,0.0021069269,0,1
0.999995,5.036975e-06,0,1
0.88751733,0.11248271,0,1
0.87296146,0.12703852,0,1
0.99999654,3.470114e-06,0,1
0.9994172,0.00058281113,0,1
0.98894787,0.01105215,0,1
0.99999976,2.595931e-07,0,1
0.98008597,0.019914048,0,1
1.0,2.1066919e-08,0,1
0.9602206,0.039779466,0,1
0.99928254,0.0007175117,0,1
0.9315011,0.06849893,0,1
0.99999917,7.991893e-07,0,1
0.99480337,0.005196615,0,1
0.99980265,0.0001973289,0,1
0.99999905,8.947081e-07,0,1
0.9999186,8.136384e-05,0,1
0.9999896,1.0395038e-05,0,1
0.9998847,0.00011522658,0,1
0.9999918,8.209152e-06,0,1
1.0,3.6770558e-08,0,1
0.99999607,3.937639e-06,0,1
0.99999785,2.0996974e-06,0,1
0.99999976,2.2977363e-07,0,1
0.99999416,5.7842135e-06,0,1
0.9999993,7.599572e-07,0,1
0.9999819,1.8167204e-05,0,1
0.37242976,0.62757033,1,1
0.999959,4.100533e-05,0,1
0.9997497,0.000250265,0,1
1.0,1.0499951e-09,0,1
0.99689746,0.0031025214,0,1
0.9999999,8.95043e-08,0,1
0.9929999,0.0070000924,0,1
0.99512166,0.004878338,0,1
0.95706546,0.042934522,0,1
0.99999475,5.2785113e-06,0,1
0.99999547,4.480245e-06,0,1
1.0,4.8221917e-08,0,1
0.99995863,4.140835e-05,0,1
0.97632265,0.02367741,0,1
0.9999559,4.4092838e-05,0,1
0.7271986,0.27280143,0,1
0.99999416,5.8039122e-06,0,1
0.99996316,3.6882768e-05,0,1
0.9999995,4.7671165e-07,0,1
0.9997701,0.00022988558,0,1
0.99998677,1.3225801e-05,0,1
0.80958635,0.19041365,0,1
1.0,5.391202e-08,0,1
0.9997826,0.00021744531,0,1
0.9999987,1.3042066e-06,0,1
0.9999999,1.387337e-07,0,1
0.9999994,5.9987053e-07,0,1
0.99996984,3.0152629e-05,0,1
0.9999776,2.2450742e-05,0,1
0.99937576,0.0006243091,0,1
0.9954261,0.0045738705,0,1
0.31142893,0.6885711,1,1
0.99996996,2.9991144e-05,0,1
0.9999716,2.8382068e-05,0,1
0.99917346,0.0008264828,0,1
0.9873465,0.012653561,0,1
0.90292805,0.09707197,0,1
0.9631663,0.03683378,0,1
0.9934761,0.0065238685,0,1
0.9976847,0.0023153047,0,1
0.96957153,0.030428404,0,1
1.0,4.549528e-09,0,1
0.9960626,0.0039373683,0,1
0.9999999,6.1199366e-08,0,1
0.92751634,0.07248366,0,1
0.9976545,0.0023455883,0,1
0.9999212,7.8847814e-05,0,1
0.99999917,8.9302034e-07,0,1
0.9999975,2.5376594e-06,0,1
0.9999999,6.770587e-08,0,1
0.99591726,0.0040827673,0,1
1.0,4.3555318e-08,0,1
1.0,4.45996e-08,0,1
0.9999497,5.0319e-05,0,1
0.99244434,0.0075556426,0,1
0.99999547,4.4804415e-06,0,1
0.9999944,5.6141344e-06,0,1
0.9238775,0.076122515,0,1
0.99999404,5.974959e-06,0,1
0.975847,0.024153031,0,1
0.99999917,8.277287e-07,0,1
0.99999964,3.0919477e-07,0,1
0.99859875,0.001401228,0,1
0.9999851,1.4958555e-05,0,1
0.9975504,0.0024496305,0,1
0.9999993,7.0405645e-07,0,1
0.99904305,0.0009569433,0,1
0.99996257,3.7385005e-05,0,1
0.979381,0.020618932,0,1
0.9999988,1.179179e-06,0,1
1.0,5.3909556e-08,0,1
0.8371461,0.16285393,0,1
0.99557567,0.0044243964,0,1
0.9999865,1.349477e-05,0,1
0.9996824,0.00031760175,0,1
0.99997723,2.2729482e-05,0,1
0.9999995,4.693518e-07,0,1
0.99989176,0.00010824489,0,1
1.0,2.054647e-08,0,1
0.9985392,0.0014607746,0,1
0.9999976,2.3277594e-06,0,1
0.9681433,0.031856753,0,1
0.99936324,0.0006367414,0,1
0.99612767,0.0038723475,0,1
0.99999964,3.868888e-07,0,1
1.0,1.4507097e-08,0,1
0.99995863,4.134123e-05,0,1
0.9999969,3.0772972e-06,0,1
0.99782217,0.0021777973,0,1
0.9905462,0.0094537735,0,1
0.9996401,0.00035987125,0,1
0.99999964,4.1189168e-07,0,1
0.99999905,9.958638e-07,0,1
0.6695282,0.33047184,0,1
0.9999989,1.0893078e-06,0,1
0.9973532,0.0026468353,0,1
0.7573291,0.24267088,0,1
0.9999999,7.7612874e-08,0,1
0.75933653,0.24066342,0,1
0.87688106,0.12311895,0,1
0.95057935,0.04942068,0,1
0.999998,2.04344e-06,0,1
0.9885634,0.011436633,0,1
0.9970425,0.002957529,0,1
0.6850314,0.31496862,0,1
0.9836895,0.016310524,0,1
0.98351455,0.016485509,0,1
0.9990246,0.0009753616,0,1
0.99370146,0.0062985634,0,1
0.99947065,0.00052931876,0,1
0.99999905,9.64639e-07,0,1
0.9945287,0.005471285,0,1
0.9599807,0.040019315,0,1
0.99999785,2.143969e-06,0,1
0.9995864,0.0004135614,0,1
5.3906635e-05,0.9999461,1,1
0.05620416,0.9437958,1,1
0.06681043,0.9331896,1,1
7.624703e-05,0.9999237,1,1
0.017492797,0.98250717,1,1
0.0053014904,0.9946985,1,1
0.13877797,0.86122197,1,1
0.008661088,0.99133897,1,1
0.00049399707,0.999506,1,1
0.46865618,0.53134376,1,1
0.00010653802,0.9998934,1,1
0.0005810778,0.999419,1,1
2.012954e-09,1.0,1,1
0.00030632078,0.99969375,1,1
0.88527703,0.114722975,0,1
9.909206e-05,0.99990094,1,1
1.460942e-08,1.0,1,1
2.1620003e-06,0.99999785,1,1
0.6248238,0.37517625,0,1
0.08479071,0.9152093,1,1
0.00415174,0.9958482,1,1
0.0043203994,0.9956797,1,1
2.648343e-06,0.9999974,1,1
0.011239569,0.9887605,1,1
0.0031613987,0.99683857,1,1
0.09941782,0.9005822,1,1
8.2350744e-11,1.0,1,1
2.8527944e-09,1.0,1,1
0.0006542556,0.9993457,1,1
0.40831828,0.5916817,1,1
5.350148e-06,0.99999464,1,1
0.61850613,0.38149387,0,1
1.2172631e-09,1.0,1,1
0.3789188,0.6210812,1,1
0.0017766164,0.99822336,1,1
0.063476235,0.93652374,1,1
0.006468367,0.99353164,1,1
0.399431,0.60056895,1,1
4.3077143e-05,0.99995697,1,1
0.0076948754,0.9923051,1,1
0.00092937885,0.9990707,1,1
5.064198e-06,0.999995,1,1
0.32476646,0.6752335,1,1
0.34077877,0.6592212,1,1
0.009140353,0.9908597,1,1
0.0004902234,0.9995098,1,1
0.0018546036,0.99814546,1,1
0.48036444,0.5196355,1,1
0.06859047,0.93140954,1,1
0.00027686442,0.99972314,1,1
0.00037867832,0.9996213,1,1
0.000104832485,0.9998952,1,1
0.0019435013,0.9980565,1,1
0.0012366264,0.99876344,1,1
1.9470108e-09,1.0,1,1
8.7075874e-10,1.0,1,1
3.861744e-06,0.9999962,1,1
0.4553449,0.5446552,1,1
0.04902531,0.9509747,1,1
5.058178e-05,0.99994946,1,1
0.049433954,0.9505661,1,1
0.000111694404,0.9998883,1,1
5.5397933e-05,0.99994457,1,1
0.0002992324,0.9997008,1,1
0.0013257761,0.9986743,1,1
0.04801306,0.9519869,1,1
0.013926397,0.9860736,1,1
0.8095513,0.19044872,0,1
0.6904654,0.30953458,0,1
0.8031958,0.1968042,0,1
0.000694596,0.99930537,1,1
0.8216275,0.17837256,0,1
1.1581779e-09,1.0,1,1
0.20395008,0.7960499,1,1
0.029477404,0.9705226,1,1
0.03245076,0.9675492,1,1
7.0896144e-06,0.99999297,1,1
1.795115e-05,0.999982,1,1
2.009239e-05,0.99997985,1,1
0.15061653,0.8493835,1,1
3.973463e-09,1.0,1,1
2.437621e-05,0.9999757,1,1
0.022589209,0.97741085,1,1
4.1569932e-05,0.9999584,1,1
0.004576188,0.99542385,1,1
0.00016939477,0.9998306,1,1
0.0005853871,0.9994147,1,1
0.011315728,0.98868424,1,1
0.12961306,0.8703869,1,1
0.39936236,0.6006377,1,1
1.1064398e-06,0.9999989,1,1
2.1284494e-08,1.0,1,1
4.377197e-05,0.99995625,1,1
0.0009277951,0.9990722,1,1
2.0704762e-09,1.0,1,1
0.006966873,0.9930332,1,1
0.37166113,0.6283389,1,1
0.0070264847,0.99297345,1,1
0.0010520859,0.9989479,1,1
0.2560078,0.74399227,1,1
0.34558374,0.6544162,1,1
2.5048746e-07,0.99999976,1,1
0.19572242,0.8042776,1,1
0.4133275,0.58667254,1,1
5.6669745e-05,0.9999434,1,1
5.35247e-09,1.0,1,1
6.1904275e-06,0.9999938,1,1
7.3414776e-05,0.99992657,1,1
0.00022915642,0.9997708,1,1
2.0503474e-09,1.0,1,1
0.055711254,0.94428873,1,1
3.2190442e-07,0.99999964,1,1
0.045904577,0.95409536,1,1
8.322442e-11,1.0,1,1
0.19822815,0.8017719,1,1
4.0253835e-05,0.9999597,1,1
0.0008166603,0.99918336,1,1
0.0033923357,0.99660766,1,1
2.2559083e-05,0.99997747,1,1
0.0050273617,0.9949726,1,1
0.46911994,0.5308801,1,1
0.00017235137,0.9998276,1,1
0.15338223,0.84661776,1,1
1.6795884e-05,0.9999832,1,1
0.57957137,0.42042866,0,1
0.000775326,0.99922466,1,1
0.07261922,0.9273808,1,1
0.051464,0.94853604,1,1
0.092508726,0.90749127,1,1
4.6367236e-06,0.99999535,1,1
0.0005728951,0.9994271,1,1
0.14352286,0.85647714,1,1
0.031497948,0.96850204,1,1
0.3424948,0.6575052,1,1
0.0025309683,0.99746907,1,1
0.0010039428,0.9989961,1,1
5.4447e-07,0.9999994,1,1
2.2923421e-05,0.9999771,1,1
1.0163753e-06,0.9999989,1,1
0.15135317,0.8486468,1,1
4.691164e-08,1.0,1,1
6.025791e-07,0.9999994,1,1
0.0002494027,0.99975055,1,1
2.0849851e-05,0.99997914,1,1
4.0455825e-06,0.99999595,1,1
0.019732539,0.9802674,1,1
0.00017473368,0.9998253,1,1
2.7053872e-07,0.99999976,1,1
6.540991e-10,1.0,1,1
0.027709432,0.9722906,1,1
0.006974081,0.9930259,1,1
0.034094285,0.9659057,1,1
0.07537113,0.9246288,1,1
5.0476497e-06,0.999995,1,1
0.44958642,0.5504136,1,1
2.2335338e-05,0.9999777,1,1
0.0014405532,0.9985594,1,1
0.18474525,0.81525475,1,1
4.197784e-07,0.9999995,1,1
4.3205833e-05,0.99995685,1,1
5.817332e-05,0.9999418,1,1
0.1380953,0.8619047,1,1
2.3261312e-10,1.0,1,1
5.0970596e-07,0.9999995,1,1
8.4194246e-10,1.0,1,1
0.00025662594,0.9997434,1,1
0.22615252,0.77384746,1,1
0.0001425691,0.9998574,1,1
0.37391707,0.626083,1,1
0.006251785,0.9937482,1,1
7.4447337e-07,0.9999993,1,1
0.09158121,0.9084188,1,1
8.3000114e-11,1.0,1,1
0.15380798,0.84619206,1,1
1.083014e-06,0.9999989,1,1
0.00012317263,0.99987686,1,1
0.27205327,0.72794676,1,1
6.411586e-06,0.99999356,1,1
3.468102e-05,0.9999653,1,1
2.8823447e-06,0.99999714,1,1
0.2191924,0.7808076,1,1
0.016984204,0.98301584,1,1
0.094036914,0.9059631,1,1
4.073418e-05,0.99995923,1,1
0.0006973293,0.9993026,1,1
0.22300874,0.77699125,1,1
0.00018790668,0.99981207,1,1
1.9136795e-07,0.99999976,1,1
5.777383e-10,1.0,1,1
0.468266,0.531734,1,1
0.19203942,0.80796057,1,1
0.4182582,0.5817418,1,1
0.30710402,0.692896,1,1
5.0193673e-08,1.0,1,1
0.023031812,0.97696817,1,1
0.0029217536,0.9970783,1,1
1.292837e-09,1.0,1,1
3.0440023e-10,1.0,1,1
0.5190584,0.48094162,0,1
0.014643772,0.9853563,1,1
0.00021557233,0.9997844,1,1
0.0026574312,0.9973425,1,1
0.029565342,0.97043467,1,1
0.26690134,0.7330987,1,1
8.561097e-11,1.0,1,1
0.001128425,0.9988715,1,1
0.031120641,0.9688794,1,1
1.3953388e-08,1.0,1,1
0.6379762,0.36202374,0,1
0.000117014926,0.99988294,1,1
0.02868966,0.9713103,1,1
0.4595439,0.5404562,1,1
1.8841431e-06,0.9999981,1,1
0.00012417194,0.9998758,1,1
0.00021687403,0.9997831,1,1
1.7857377e-05,0.9999821,1,1
1.6318694e-09,1.0,1,1
3.2085065e-08,1.0,1,1
0.0077008414,0.99229914,1,1
0.99999905,9.621932e-07,0,0
0.9999982,1.8190964e-06,0,0
0.9939448,0.0060551744,0,0
0.02735353,0.9726465,1,0
0.9999994,5.9072477e-07,0,0
0.99510914,0.0048908237,0,0
0.0003203609,0.9996797,1,0
0.11399985,0.88600016,1,0
0.016662523,0.98333746,1,0
0.99767214,0.0023278955,0,0
0.9980221,0.0019778889,0,0
0.99999976,2.6900076e-07,0,0
0.7751523,0.22484763,0,0
1.0,6.5213985e-09,0,0
0.99999964,4.1266466e-07,0,0
5.7905936e-07,0.9999994,1,0
0.03744784,0.96255213,1,0
0.9999995,4.9927377e-07,0,0
0.9972025,0.0027974823,0,0
0.99999976,2.5510096e-07,0,0
1.0,1.731018e-08,0,0
0.52204585,0.47795415,0,0
0.9999999,1.6053062e-07,0,0
0.0066046063,0.9933954,1,0
0.99969566,0.0003044223,0,0
1.0,5.672153e-08,0,0
0.99665856,0.0033414806,0,0
0.6859171,0.31408292,0,0
0.99966,0.0003399902,0,0
1.0,4.630304e-09,0,0
0.9977514,0.0022486078,0,0
0.9999995,5.1960836e-07,0,0
0.99999976,2.6412053e-07,0,0
1.5816983e-09,1.0,1,0
8.649993e-11,1.0,1,0
0.98438674,0.015613265,0,0
0.93855524,0.06144471,0,0
0.00038892834,0.9996111,1,0
0.9999938,6.247869e-06,0,0
0.9886595,0.011340513,0,0
0.094184525,0.90581554,1,0
9.018991e-07,0.99999905,1,0
1.0,4.4197527e-08,0,0
0.0049270955,0.9950729,1,0
7.679145e-05,0.9999232,1,0
0.022600032,0.9774,1,0
0.9760819,0.023918068,0,0
0.0010207994,0.9989792,1,0
0.0025596274,0.99744034,1,0
0.9989506,0.0010493906,0,0
0.9999999,6.16976e-08,0,0
5.698557e-05,0.999943,1,0
0.9461108,0.05388916,0,0
0.9999999,8.3759616e-08,0,0
0.98812383,0.011876136,0,0
0.9999999,1.2529661e-07,0,0
0.66548294,0.33451712,0,0
0.31212336,0.6878767,1,0
0.9217187,0.07828125,0,0
0.99150896,0.008491038,0,0
0.82759696,0.17240301,0,0
0.9999999,1.2576614e-07,0,0
0.9999969,3.1062991e-06,0,0
0.99895823,0.0010417108,0,0
0.9999865,1.3444071e-05,0,0
0.99999905,9.614163e-07,0,0
0.9999788,2.1230799e-05,0,0
0.99999857,1.3817756e-06,0,0
0.99949765,0.00050232693,0,0
0.9999565,4.3487416e-05,0,0
0.9978611,0.0021389755,0,0
0.99999166,8.396103e-06,0,0
1.1741372e-06,0.9999988,1,0
0.9999987,1.3403926e-06,0,0
0.999997,3.030987e-06,0,0
0.9999993,7.46259e-07,0,0
0.00015081413,0.9998492,1,0
0.9999894,1.0551918e-05,0,0
0.9999993,6.6872536e-07,0,0
9.3009855e-10,1.0,1,0
0.9985983,0.0014016731,0,0
0.98351514,0.016484922,0,0
0.9998778,0.00012222634,0,0
0.9997402,0.0002598342,0,0
0.99254465,0.0074553494,0,0
0.99995744,4.252085e-05,0,0
0.9999999,6.883691e-08,0,0
0.002135328,0.99786466,1,0
0.99999225,7.718771e-06,0,0
0.99999464,5.414257e-06,0,0
5.047115e-05,0.9999496,1,0
0.00066395424,0.99933606,1,0
0.9999999,1.4358342e-07,0,0
0.9999999,9.0829026e-08,0,0
0.7872315,0.21276854,0,0
0.9759477,0.02405231,0,0
0.99999976,2.5165858e-07,0,0
0.99998343,1.6574772e-05,0,0
0.2722049,0.72779506,1,0
0.9999989,1.1238625e-06,0,0
0.9998547,0.00014527085,0,0
0.9990675,0.00093251606,0,0
0.99999416,5.853764e-06,0,0
0.9999988,1.1898642e-06,0,0
4.491572e-08,1.0,1,0
0.03235338,0.96764666,1,0
7.1731726e-08,0.9999999,1,0
1.120081e-06,0.9999989,1,0
0.999819,0.00018101826,0,0
0.98794353,0.012056415,0,0
0.9999975,2.4934302e-06,0,0
0.8179164,0.1820836,0,0
5.560827e-05,0.9999443,1,0
0.999962,3.799226e-05,0,0
0.06384164,0.93615836,1,0
0.9999995,4.4884632e-07,0,0
0.99993026,6.972048e-05,0,0
0.9999758,2.4255743e-05,0,0
0.99998605,1.3925325e-05,0,0
0.99998283,1.7124516e-05,0,0
0.99999857,1.446548e-06,0,0
0.9940731,0.005926873,0,0
9.159535e-05,0.99990845,1,0
0.9999268,7.3134994e-05,0,0
0.9932372,0.006762852,0,0
0.94296944,0.057030544,0,0
0.9799698,0.020030264,0,0
0.2892568,0.71074325,1,0
0.99999976,2.3602702e-07,0,0
0.9974195,0.002580552,0,0
1.0,3.050364e-08,0,0
0.9999938,6.2052864e-06,0,0
0.0027714202,0.99722856,1,0
0.99929285,0.0007070747,0,0
0.9970374,0.0029625641,0,0
0.9999944,5.6142467e-06,0,0
0.038335245,0.96166474,1,0
0.9997203,0.00027976092,0,0
0.99999964,3.533797e-07,0,0
0.9999999,7.029509e-08,0,0
0.0027051058,0.99729484,1,0
6.959774e-06,0.9999931,1,0
0.99999857,1.4134862e-06,0,0
6.873241e-07,0.9999993,1,0
0.99999714,2.8621378e-06,0,0
0.9059292,0.09407079,0,0
0.4308143,0.5691857,1,0
0.9999865,1.3509386e-05,0,0
0.00054639886,0.9994536,1,0
0.99962497,0.0003750673,0,0
0.99573517,0.004264801,0,0
0.031341683,0.9686583,1,0
0.9999887,1.13792685e-05,0,0
0.99999416,5.8731393e-06,0,0
0.9997485,0.0002514101,0,0
0.9981103,0.0018897186,0,0
0.9855461,0.014453896,0,0
0.99951863,0.00048138582,0,0
0.79509366,0.2049063,0,0
1.0,1.1605578e-08,0,0
0.9998704,0.00012961305,0,0
0.032352272,0.96764773,1,0
0.70237774,0.2976223,0,0
0.024204914,0.9757951,1,0
0.9999852,1.4770586e-05,0,0
0.9999999,1.5555749e-07,0,0
0.99999845,1.578192e-06,0,0
0.04737448,0.9526255,1,0
0.9999882,1.1759899e-05,0,0
0.99126816,0.008731844,0,0
0.9998411,0.00015892873,0,0
0.011863451,0.98813653,1,0
0.6984021,0.30159795,0,0
0.9994844,0.00051555946,0,0
0.99999976,2.2399162e-07,0,0
2.1481808e-06,0.99999785,1,0
0.99998295,1.7067194e-05,0,0
0.9681797,0.031820346,0,0
0.42881697,0.57118297,1,0
0.99999905,9.0874397e-07,0,0
0.023699647,0.97630036,1,0
0.7055463,0.29445365,0,0
0.9991055,0.00089446857,0,0
0.98335165,0.01664839,0,0
0.6352985,0.36470154,0,0
0.9999999,1.2523856e-07,0,0
0.9940102,0.0059897676,0,0
0.99996495,3.5044166e-05,0,0
0.97126275,0.028737234,0,0
0.9999993,7.536111e-07,0,0
0.5227711,0.47722882,0,0
0.9999993,7.6706743e-07,0,0
0.9999995,4.783552e-07,0,0
0.97637844,0.023621576,0,0
0.95265746,0.047342554,0,0
0.9944885,0.005511524,0,0
5.9175414e-05,0.9999409,1,0
0.0039970647,0.996003,1,0
0.8723859,0.12761407,0,0
0.0006731174,0.99932694,1,0
0.99984694,0.00015308142,0,0
0.99999297,7.0626215e-06,0,0
0.99728405,0.0027159385,0,0
1.0,2.5082132e-08,0,0
0.9958378,0.00416225,0,0
1.14285e-09,1.0,1,0
0.9999989,1.0377419e-06,0,0
0.99984086,0.00015911902,0,0
0.14372133,0.8562787,1,0
0.99997616,2.3862467e-05,0,0
0.99977285,0.00022712586,0,0
0.3039825,0.69601756,1,0
0.15054165,0.8494583,1,0
0.99475455,0.0052454933,0,0
0.19443339,0.80556655,1,0
1.0,6.8368573e-09,0,0
0.9999994,5.6668324e-07,0,0
8.839142e-11,1.0,1,0
0.99951446,0.00048553705,0,0
0.99999905,9.316455e-07,0,0
0.999629,0.00037093498,0,0
0.9999778,2.2200724e-05,0,0
0.9998568,0.00014309671,0,0
0.06346569,0.9365343,1,0
0.9999988,1.1403985e-06,0,0
0.99991846,8.150673e-05,0,0
0.99999976,1.9596796e-07,0,0
0.99999785,2.112685e-06,0,0
0.990668,0.009332034,0,0
0.9999999,8.138089e-08,0,0
1.0,5.9307945e-09,0,0
0.01666876,0.98333126,1,0
0.11850469,0.8814953,1,0
0.9999938,6.1735186e-06,0,0
0.26255205,0.737448,1,0
0.9999825,1.755063e-05,0,0
0.99997044,2.9616658e-05,0,0
0.99862134,0.0013786855,0,0
1.0,3.9000685e-08,0,0
0.9999993,6.9036236e-07,0,0
4.1054886e-07,0.99999964,1,0
0.003150855,0.9968491,1,0
0.11006364,0.8899364,1,0
8.565131e-11,1.0,1,0
1.0,5.2024994e-08,0,0
0.0069545717,0.9930454,1,0
1.0,5.7712427e-08,0,0
0.3269883,0.67301166,1,0
0.9999882,1.1791963e-05,0,0
0.9998597,0.0001402792,0,0
4.16651e-06,0.9999958,1,0
0.99999964,3.2483968e-07,0,0
0.99956936,0.0004305825,0,0
1.837984e-05,0.99998164,1,0
0.99999774,2.24599e-06,0,0
7.277628e-05,0.99992716,1,0
0.16552596,0.834474,1,0
1.0,2.15905e-08,0,0
5.7150546e-06,0.9999943,1,0
0.014982076,0.98501796,1,0
0.92997694,0.07002306,0,0
0.0595877,0.9404122,1,0
0.3761906,0.6238094,1,0
0.99870336,0.0012966001,0,0
4.2590938e-07,0.9999995,1,0
0.9982601,0.0017399755,0,0
1.906294e-05,0.9999809,1,0
1.0,4.4481006e-08,0,0
0.8939869,0.10601315,0,0
0.9999994,5.9665155e-07,0,0
5.0258236e-06,0.999995,1,0
0.0019089837,0.99809104,1,0
1.950785e-06,0.9999981,1,0
0.54544103,0.4545589,0,0
0.99998677,1.3186179e-05,0,0
0.99999,1.0040822e-05,0,0
0.9999968,3.2112791e-06,0,0
0.9999993,7.550916e-07,0,0
0.013350982,0.986649,1,0
1.0,3.87973e-09,0,0
0.9999999,1.292752e-07,0,0
0.9999931,6.972789e-06,0,0
0.99992716,7.282294e-05,0,0
8.536769e-11,1.0,1,0
0.9999876,1.2365596e-05,0,0
0.9999989,1.065075e-06,0,0
0.9999994,5.729209e-07,0,0
0.0925033,0.9074967,1,0
0.9999994,5.366426e-07,0,0
0.99999976,1.8354477e-07,0,0
0.12577893,0.87422115,1,0
9.29606e-09,1.0,1,0
0.99874806,0.0012518633,0,0
0.00082152913,0.99917847,1,0
0.0001430558,0.99985695,1,0
9.02029e-06,0.99999094,1,0
0.12225296,0.877747,1,0
0.104611956,0.89538807,1,0
6.3089645e-09,1.0,1,0
0.99999917,8.1801517e-07,0,0
0.6577105,0.3422895,0,0
0.9998017,0.00019833678,0,0
