0,1,class_label,target_label
1.0,2.2164848e-09,0,1
1.0,2.0949052e-10,0,1
0.9999112,8.874822e-05,0,1
1.0,2.4129938e-09,0,1
1.0,3.763287e-11,0,1
0.9611242,0.038875796,0,1
0.9888786,0.011121335,0,1
1.0,8.8394285e-11,0,1
1.0,1.8400202e-13,0,1
0.9999999,7.801583e-08,0,1
0.9994085,0.00059150957,0,1
0.99990594,9.408667e-05,0,1
0.9999926,7.3528613e-06,0,1
0.9999989,1.0415124e-06,0,1
1.0,7.687171e-11,0,1
1.0,1.6730273e-12,0,1
0.99999976,2.085199e-07,0,1
0.9993793,0.00062071544,0,1
1.0,8.4652965e-11,0,1
1.0,6.20887e-12,0,1
1.0,7.3356885e-09,0,1
0.9999919,8.16222e-06,0,1
1.0,1.6608454e-10,0,1
1.0,2.1161383e-13,0,1
1.0,3.3623926e-10,0,1
0.9946144,0.005385538,0,1
1.0,7.849503e-10,0,1
0.99998224,1.7757779e-05,0,1
0.99999166,8.291292e-06,0,1
0.9945122,0.0054878118,0,1
0.99999726,2.7273286e-06,0,1
1.0,8.1713164e-11,0,1
0.9999999,1.5599753e-07,0,1
0.9989691,0.0010309584,0,1
0.99939406,0.00060595846,0,1
0.9996153,0.00038469475,0,1
0.96984977,0.030150255,0,1
1.0,4.9565126e-11,0,1
0.9999995,4.955245e-07,0,1
1.0,1.8550215e-09,0,1
1.0,7.2709425e-09,0,1
1.0,2.194826e-14,0,1
1.0,2.7609826e-08,0,1
0.99999833,1.678183e-06,0,1
1.0,4.977633e-10,0,1
0.99999964,3.316891e-07,0,1
0.9378813,0.06211876,0,1
1.0,6.503065e-09,0,1
1.0,6.2153296e-11,0,1
0.99813664,0.0018633105,0,1
1.0,3.9205483e-12,0,1
1.0,4.2885535e-08,0,1
1.0,4.202388e-09,0,1
1.0,3.2754663e-08,0,1
1.0,2.953739e-13,0,1
0.99046916,0.009530832,0,1
1.0,2.5426912e-09,0,1
0.9999999,1.4363135e-07,0,1
1.0,5.5670355e-13,0,1
0.98620564,0.013794385,0,1
0.9971317,0.0028682984,0,1
0.9929443,0.007055649,0,1
0.9996954,0.0003045854,0,1
1.0,8.1901064e-10,0,1
1.0,4.5392565e-09,0,1
0.99994946,5.0538914e-05,0,1
0.9995596,0.00044042442,0,1
0.99994874,5.1267627e-05,0,1
0.9999498,5.0185106e-05,0,1
0.98337793,0.016622124,0,1
1.0,3.4537286e-11,0,1
1.0,5.939888e-12,0,1
0.99955875,0.00044120307,0,1
1.0,5.093026e-08,0,1
0.9999558,4.4213048e-05,0,1
0.77178633,0.22821367,0,1
1.0,6.2583396e-09,0,1
1.0,4.730721e-14,0,1
1.0,7.1769457e-13,0,1
0.9999747,2.527435e-05,0,1
0.99892527,0.0010747332,0,1
1.0,1.0823082e-11,0,1
0.97939,0.020609902,0,1
0.99998534,1.4716539e-05,0,1
1.0,2.273917e-09,0,1
0.9307359,0.06926414,0,1
0.99654526,0.003454781,0,1
0.9998983,0.000101651836,0,1
1.0,2.320065e-14,0,1
1.0,1.5296478e-11,0,1
1.0,1.4320175e-09,0,1
1.0,2.03828e-12,0,1
1.0,5.3804284e-11,0,1
0.9999976,2.3288962e-06,0,1
0.9998896,0.00011041939,0,1
1.0,2.667335e-10,0,1
1.0,2.0623234e-11,0,1
1.0,5.129125e-12,0,1
0.9995609,0.00043913536,0,1
0.9998952,0.00010480709,0,1
0.9999689,3.1105446e-05,0,1
0.9963619,0.0036380654,0,1
0.99848914,0.0015108624,0,1
0.99625385,0.0037460912,0,1
0.9998888,0.0001112048,0,1
0.9775416,0.022458458,0,1
1.0,3.0702723e-09,0,1
0.9999336,6.644681e-05,0,1
1.0,1.9964917e-14,0,1
1.0,5.4760096e-11,0,1
1.0,6.0123013e-12,0,1
0.9999888,1.11913505e-05,0,1
1.0,1.0820935e-11,0,1
0.99995637,4.361517e-05,0,1
1.0,2.7287536e-08,0,1
0.99999917,8.1693776e-07,0,1
0.99999964,3.6732604e-07,0,1
0.99872476,0.0012752479,0,1
1.0,3.8129566e-09,0,1
0.9998431,0.00015690963,0,1
1.0,1.0215003e-08,0,1
1.0,6.6533286e-14,0,1
1.0,3.09472e-12,0,1
1.0,1.7936463e-09,0,1
1.0,9.24214e-16,0,1
1.0,5.1745713e-12,0,1
0.9999529,4.7127516e-05,0,1
1.0,5.5106485e-11,0,1
0.9971207,0.0028792717,0,1
0.9983072,0.0016927544,0,1
1.0,4.85591e-11,0,1
0.99861515,0.0013848454,0,1
1.0,1.4608849e-10,0,1
1.0,1.223188e-10,0,1
1.0,2.6357272e-13,0,1
0.99999595,4.0494347e-06,0,1
1.0,6.943509e-11,0,1
1.0,1.6447562e-09,0,1
1.0,2.0290795e-08,0,1
1.0,6.943157e-13,0,1
1.0,1.1851197e-11,0,1
0.999387,0.00061293214,0,1
0.9898196,0.0101804305,0,1
0.9992105,0.00078945886,0,1
1.0,5.3311577e-08,0,1
0.9976041,0.0023959912,0,1
1.0,1.4325428e-08,0,1
0.9979267,0.0020733273,0,1
1.0,3.183138e-11,0,1
1.0,1.4832743e-09,0,1
1.0,3.2683842e-11,0,1
1.0,2.860694e-10,0,1
0.99992776,7.227005e-05,0,1
1.0,1.3291529e-08,0,1
0.99999976,2.1660792e-07,0,1
0.9996178,0.00038217733,0,1
0.99999285,7.13868e-06,0,1
1.0,2.1716114e-10,0,1
1.0,2.7763283e-08,0,1
0.9999999,6.097089e-08,0,1
1.0,1.950026e-08,0,1
0.9999976,2.4386356e-06,0,1
0.99988246,0.00011749078,0,1
0.9971656,0.0028344227,0,1
1.0,1.2977095e-08,0,1
1.0,1.3186141e-14,0,1
1.0,1.2731653e-12,0,1
0.9571869,0.042813044,0,1
0.99064964,0.009350355,0,1
0.9986778,0.0013222125,0,1
0.99677014,0.0032298416,0,1
1.0,4.2924037e-10,0,1
0.99927205,0.00072796823,0,1
0.9999993,7.5823783e-07,0,1
1.0,5.2664106e-10,0,1
0.99537414,0.004625828,0,1
1.0,4.1540122e-14,0,1
1.0,5.1656002e-11,0,1
1.0,4.228789e-11,0,1
0.99946123,0.0005388,0,1
1.0,4.4899075e-13,0,1
0.9991013,0.00089872384,0,1
0.9840013,0.015998732,0,1
0.99999976,2.0777867e-07,0,1
1.0,2.3520663e-13,0,1
1.0,3.1946227e-14,0,1
1.0,5.779443e-14,0,1
1.0,9.323812e-13,0,1
0.99996555,3.4392502e-05,0,1
0.99995077,4.9257167e-05,0,1
0.9998759,0.0001240543,0,1
1.0,2.82645e-13,0,1
0.9999999,6.055563e-08,0,1
1.0,1.9521823e-10,0,1
0.9999949,5.133435e-06,0,1
0.9999989,1.0497212e-06,0,1
1.0,4.0774292e-10,0,1
1.0,7.1125666e-10,0,1
0.999788,0.00021204058,0,1
1.0,5.2833706e-11,0,1
0.998024,0.0019760563,0,1
1.0,1.2049437e-13,0,1
1.0,5.205328e-08,0,1
1.0,2.6144991e-12,0,1
0.99999964,3.7452693e-07,0,1
0.99998665,1.3381266e-05,0,1
1.0,6.261485e-11,0,1
1.0,2.087169e-09,0,1
1.0,6.9232495e-11,0,1
1.0,4.6616204e-09,0,1
1.0,1.6984055e-11,0,1
0.99648154,0.0035184077,0,1
1.0,3.1540817e-14,0,1
9.421979e-09,1.0,1,1
0.03622615,0.9637739,1,1
6.455762e-11,1.0,1,1
1.5646671e-09,1.0,1,1
0.03033592,0.96966416,1,1
7.0563537e-14,1.0,1,1
0.05248339,0.9475166,1,1
0.14825115,0.8517489,1,1
9.853498e-15,1.0,1,1
6.1249086e-09,1.0,1,1
0.019479994,0.98051995,1,1
5.5580385e-06,0.9999944,1,1
0.020007716,0.97999233,1,1
0.12689227,0.87310773,1,1
1.1989398e-09,1.0,1,1
1.6626004e-11,1.0,1,1
0.011192339,0.9888076,1,1
0.0009858212,0.99901414,1,1
0.074143924,0.9258561,1,1
0.044043496,0.95595646,1,1
3.794308e-11,1.0,1,1
1.5510857e-08,1.0,1,1
8.138304e-07,0.99999917,1,1
1.7279664e-12,1.0,1,1
0.4447735,0.5552265,1,1
2.767099e-11,1.0,1,1
0.0014517966,0.9985482,1,1
2.4853887e-07,0.99999976,1,1
0.047868025,0.9521319,1,1
1.701433e-05,0.99998295,1,1
0.00070174655,0.9992982,1,1
0.0023491415,0.9976509,1,1
8.29827e-06,0.99999166,1,1
2.6851697e-14,1.0,1,1
0.0067375377,0.99326247,1,1
3.5239786e-14,1.0,1,1
0.0014202109,0.99857974,1,1
6.1988144e-11,1.0,1,1
0.068738796,0.9312612,1,1
3.0439008e-08,1.0,1,1
4.784351e-06,0.99999523,1,1
0.00021917817,0.99978083,1,1
1.9743664e-09,1.0,1,1
1.5145263e-10,1.0,1,1
5.5818555e-07,0.9999994,1,1
4.3751752e-11,1.0,1,1
9.7364314e-08,0.9999999,1,1
0.010024071,0.989976,1,1
3.8261576e-05,0.99996173,1,1
0.0035212275,0.99647874,1,1
1.7428654e-15,1.0,1,1
4.181142e-05,0.99995816,1,1
0.0092870705,0.99071294,1,1
2.1257036e-11,1.0,1,1
3.3106295e-05,0.99996686,1,1
2.1117305e-10,1.0,1,1
2.3912944e-13,1.0,1,1
0.0054446016,0.99455535,1,1
0.0004632022,0.9995369,1,1
2.2772296e-08,1.0,1,1
1.4556245e-07,0.9999999,1,1
0.03386002,0.96614,1,1
4.4571547e-15,1.0,1,1
4.5097984e-11,1.0,1,1
1.9069664e-11,1.0,1,1
2.3786413e-07,0.99999976,1,1
5.293137e-10,1.0,1,1
0.0485522,0.9514478,1,1
1.3717476e-08,1.0,1,1
2.566198e-10,1.0,1,1
4.441977e-09,1.0,1,1
2.6212371e-14,1.0,1,1
9.1880095e-15,1.0,1,1
0.0029554178,0.9970446,1,1
3.315537e-08,1.0,1,1
6.8352404e-09,1.0,1,1
4.6634823e-06,0.99999535,1,1
0.011764598,0.9882355,1,1
8.855463e-14,1.0,1,1
2.4661273e-07,0.99999976,1,1
0.00026982726,0.99973017,1,1
0.00027389816,0.9997261,1,1
0.030673819,0.9693262,1,1
2.9494389e-16,1.0,1,1
2.6580485e-08,1.0,1,1
2.9582324e-07,0.99999976,1,1
4.0714607e-05,0.99995923,1,1
0.00018571633,0.99981433,1,1
1.1141984e-15,1.0,1,1
1.2174303e-09,1.0,1,1
0.009242614,0.9907574,1,1
0.4827135,0.5172865,1,1
0.037706632,0.9622934,1,1
1.1069453e-08,1.0,1,1
1.0710606e-07,0.9999999,1,1
0.57649916,0.42350087,0,1
0.0045244223,0.9954756,1,1
0.0034538552,0.9965462,1,1
7.4641175e-11,1.0,1,1
0.6004855,0.39951447,0,1
5.2949304e-07,0.9999995,1,1
7.0200146e-14,1.0,1,1
8.693055e-09,1.0,1,1
4.0358663e-09,1.0,1,1
2.6840726e-07,0.99999976,1,1
5.0229113e-07,0.9999995,1,1
1.1236546e-06,0.9999989,1,1
1.5200645e-11,1.0,1,1
2.906254e-13,1.0,1,1
3.767154e-13,1.0,1,1
0.021808753,0.97819126,1,1
0.0026833657,0.99731666,1,1
0.022468423,0.97753155,1,1
1.109975e-06,0.9999989,1,1
1.1963277e-11,1.0,1,1
1.6614269e-08,1.0,1,1
0.002973517,0.9970265,1,1
0.0022034226,0.99779665,1,1
3.199156e-16,1.0,1,1
0.0026280945,0.9973719,1,1
5.8217233e-12,1.0,1,1
0.60274804,0.39725196,0,1
0.06732185,0.93267816,1,1
0.31476805,0.6852319,1,1
0.060173236,0.9398268,1,1
0.037192844,0.9628072,1,1
0.04389277,0.95610726,1,1
8.969894e-06,0.99999106,1,1
4.0011475e-08,1.0,1,1
5.7036303e-10,1.0,1,1
0.00015206767,0.9998479,1,1
0.041700058,0.95829993,1,1
0.0136781065,0.9863219,1,1
0.00017115276,0.9998288,1,1
1.1714556e-11,1.0,1,1
0.13923422,0.86076576,1,1
1.2425648e-09,1.0,1,1
1.9136914e-12,1.0,1,1
0.0010235187,0.99897647,1,1
4.1173982e-05,0.9999589,1,1
0.34124267,0.6587573,1,1
0.0028973743,0.99710256,1,1
3.31868e-06,0.99999666,1,1
4.3480533e-08,1.0,1,1
2.7756318e-14,1.0,1,1
2.2149664e-10,1.0,1,1
0.0040136673,0.9959863,1,1
0.013919418,0.9860805,1,1
0.0020609314,0.99793905,1,1
0.00031642456,0.9996836,1,1
1.4465852e-05,0.9999856,1,1
3.4186964e-08,1.0,1,1
0.43489206,0.56510794,1,1
4.4239783e-07,0.9999995,1,1
7.337119e-08,0.9999999,1,1
1.7870434e-15,1.0,1,1
4.9015086e-10,1.0,1,1
7.960052e-07,0.99999917,1,1
2.4878039e-14,1.0,1,1
1.3683766e-08,1.0,1,1
4.349475e-14,1.0,1,1
3.5146168e-09,1.0,1,1
6.011267e-09,1.0,1,1
1.8655465e-08,1.0,1,1
0.01652084,0.98347914,1,1
3.8065218e-11,1.0,1,1
0.00011960109,0.99988043,1,1
1.4048905e-07,0.9999999,1,1
0.0006105242,0.9993894,1,1
0.098455496,0.90154445,1,1
0.027988847,0.97201115,1,1
9.3112934e-11,1.0,1,1
0.0022785952,0.9977214,1,1
2.2163102e-10,1.0,1,1
1.983825e-10,1.0,1,1
0.21672097,0.783279,1,1
0.01915836,0.98084164,1,1
2.5367927e-07,0.99999976,1,1
0.00024737057,0.9997526,1,1
1.8281564e-05,0.99998176,1,1
1.8087065e-10,1.0,1,1
0.0003222844,0.9996778,1,1
2.0153983e-08,1.0,1,1
1.0013735e-09,1.0,1,1
2.0632664e-12,1.0,1,1
1.1876825e-09,1.0,1,1
1.5126513e-08,1.0,1,1
7.015754e-15,1.0,1,1
0.022511318,0.97748864,1,1
1.7024874e-09,1.0,1,1
8.182711e-16,1.0,1,1
9.248325e-06,0.9999907,1,1
0.0018022202,0.99819785,1,1
3.4336248e-10,1.0,1,1
2.9099557e-08,1.0,1,1
5.0956023e-05,0.9999491,1,1
8.280582e-10,1.0,1,1
0.0030514637,0.99694854,1,1
3.1528586e-08,1.0,1,1
0.0013007771,0.9986992,1,1
6.346406e-08,0.9999999,1,1
8.967058e-15,1.0,1,1
3.0961117e-13,1.0,1,1
0.8497328,0.15026726,0,1
5.371604e-05,0.99994624,1,1
1.4797237e-07,0.9999999,1,1
5.189271e-11,1.0,1,1
1.5695646e-07,0.9999999,1,1
1.5573463e-12,1.0,1,1
2.8190178e-07,0.99999976,1,1
1.5071798e-11,1.0,1,1
0.00033855086,0.99966145,1,1
1.05468665e-07,0.9999999,1,1
1.0,3.7210455e-08,0,0
1.0,3.5560543e-12,0,0
0.40367225,0.5963277,1,0
0.93719006,0.062809914,0,0
0.99999833,1.6551586e-06,0,0
0.036567733,0.9634323,1,0
0.004337256,0.99566275,1,0
1.0,2.3920165e-12,0,0
1.0,1.6635281e-13,0,0
0.9999999,6.2255545e-08,0,0
0.39873004,0.60126996,1,0
2.0336675e-07,0.99999976,1,0
1.0,9.816049e-09,0,0
1.0,6.256746e-11,0,0
1.0,4.552203e-12,0,0
0.8105495,0.1894505,0,0
1.0,1.520298e-09,0,0
0.9978941,0.0021059772,0,0
1.0,3.9016897e-12,0,0
0.17654793,0.82345206,1,0
0.99967945,0.0003205509,0,0
0.9999999,1.4736668e-07,0,0
0.027968988,0.972031,1,0
0.9999999,1.1119906e-07,0,0
1.0,3.175848e-08,0,0
0.9997584,0.00024160661,0,0
0.99999547,4.5294787e-06,0,0
0.9954998,0.004500217,0,0
1.0,1.9286201e-08,0,0
0.030246388,0.96975356,1,0
1.0,6.596014e-14,0,0
1.0,2.759896e-13,0,0
5.4496967e-16,1.0,1,0
0.99894744,0.0010525826,0,0
0.64197266,0.3580273,0,0
0.27553153,0.72446847,1,0
1.0,1.6211325e-09,0,0
2.3675033e-05,0.9999763,1,0
1.0,2.4776502e-11,0,0
0.97463304,0.025366986,0,0
0.99471843,0.005281567,0,0
1.0,6.0705503e-12,0,0
0.99999964,3.7429947e-07,0,0
1.0,3.0220324e-09,0,0
1.0,9.195647e-09,0,0
0.8562433,0.14375666,0,0
2.6261047e-05,0.9999738,1,0
1.0,1.2244211e-09,0,0
0.99892265,0.0010773317,0,0
0.99991155,8.8497654e-05,0,0
3.1902723e-12,1.0,1,0
1.0,3.5483882e-10,0,0
0.99993014,6.983726e-05,0,0
1.0,7.0589015e-13,0,0
0.99463403,0.0053659626,0,0
4.7990296e-05,0.99995196,1,0
1.0,1.6860027e-10,0,0
1.4177077e-06,0.99999857,1,0
0.0006666356,0.9993333,1,0
0.9999962,3.828328e-06,0,0
1.0,3.0822095e-11,0,0
1.0,4.2127364e-11,0,0
1.0,1.4187625e-11,0,0
0.17282812,0.82717186,1,0
0.10934688,0.8906531,1,0
0.99981827,0.00018178867,0,0
0.044809025,0.9551909,1,0
1.0,1.2618291e-09,0,0
1.0,8.618978e-12,0,0
0.041009907,0.95899016,1,0
0.9990269,0.0009731307,0,0
0.016167028,0.983833,1,0
2.7456612e-10,1.0,1,0
1.0,4.4798327e-12,0,0
1.0,1.4967664e-11,0,0
0.9999999,8.324772e-08,0,0
1.0,5.7258106e-14,0,0
0.99998593,1.4037085e-05,0,0
0.00086439657,0.9991357,1,0
1.0,2.3488375e-10,0,0
0.86857116,0.13142881,0,0
0.99999976,1.9956342e-07,0,0
0.9999894,1.0630501e-05,0,0
0.99993515,6.48003e-05,0,0
0.08214116,0.9178588,1,0
9.3212846e-05,0.9999068,1,0
1.0,1.4337065e-09,0,0
0.9999993,6.868916e-07,0,0
0.9999999,6.4505166e-08,0,0
0.0021620204,0.99783796,1,0
0.9999999,1.7277137e-07,0,0
0.6827661,0.31723392,0,0
1.0,1.6558731e-10,0,0
0.015077329,0.98492265,1,0
1.0,4.3673984e-10,0,0
1.0,1.8276639e-08,0,0
1.0,3.985653e-09,0,0
7.3906605e-08,0.9999999,1,0
1.0,2.7057473e-12,0,0
0.99059325,0.009406767,0,0
1.0,3.471394e-08,0,0
5.3099303e-11,1.0,1,0
0.050109904,0.94989014,1,0
0.00046469408,0.9995353,1,0
0.9999981,1.9490053e-06,0,0
1.0,2.1663605e-11,0,0
1.0,7.947096e-09,0,0
1.0967457e-09,1.0,1,0
1.0,1.2328198e-09,0,0
1.0,2.214887e-13,0,0
0.957593,0.04240697,0,0
0.9999999,1.7554368e-07,0,0
6.101009e-07,0.9999994,1,0
1.0,1.0632044e-14,0,0
0.03544697,0.96455306,1,0
1.0,9.1108987e-10,0,0
0.99177426,0.008225712,0,0
1.0,3.1284894e-12,0,0
1.0,4.76393e-12,0,0
1.0,6.1869964e-13,0,0
0.99936813,0.0006319436,0,0
0.99994016,5.978681e-05,0,0
0.0023050935,0.9976949,1,0
1.0,2.6769804e-08,0,0
0.06435689,0.9356431,1,0
9.535074e-06,0.99999046,1,0
1.0,2.8818796e-12,0,0
0.9999076,9.241919e-05,0,0
1.0,3.954044e-11,0,0
1.0,1.1658003e-08,0,0
0.99997556,2.4454348e-05,0,0
5.9305675e-13,1.0,1,0
1.0,1.0545574e-12,0,0
0.99999976,2.1660543e-07,0,0
0.99999857,1.4201029e-06,0,0
1.1810336e-10,1.0,1,0
0.89999145,0.100008585,0,0
0.9999994,6.341838e-07,0,0
0.9999846,1.5403959e-05,0,0
1.0,1.9060165e-08,0,0
0.999966,3.3979908e-05,0,0
1.0,1.2146653e-13,0,0
1.459729e-10,1.0,1,0
1.0,1.02621536e-10,0,0
2.546614e-08,1.0,1,0
6.783905e-11,1.0,1,0
1.0,2.9510557e-11,0,0
0.2971444,0.7028556,1,0
1.7248014e-05,0.9999827,1,0
1.0,1.21072094e-14,0,0
1.0,9.7527e-11,0,0
1.0,7.016629e-10,0,0
0.0018279587,0.99817204,1,0
0.9999999,7.665849e-08,0,0
1.0,1.0099404e-08,0,0
1.0,4.5482436e-09,0,0
0.9999988,1.1334355e-06,0,0
0.9999367,6.326605e-05,0,0
0.9976199,0.002380068,0,0
1.0,4.18054e-12,0,0
1.0,2.051561e-08,0,0
1.0,4.2007873e-08,0,0
0.7164412,0.2835588,0,0
0.70282495,0.29717505,0,0
0.004139158,0.9958609,1,0
0.6643015,0.33569854,0,0
1.0,4.178689e-13,0,0
0.0051518898,0.99484813,1,0
0.99999964,3.4115968e-07,0,0
1.0,8.0125234e-10,0,0
0.06470421,0.93529576,1,0
0.9934402,0.0065597477,0,0
0.99980253,0.00019744258,0,0
0.21486932,0.7851307,1,0
0.9999999,9.997064e-08,0,0
1.0,7.7145376e-14,0,0
1.0,6.2411742e-09,0,0
1.0,3.738337e-09,0,0
5.6941794e-08,1.0,1,0
1.0,8.1804e-09,0,0
1.0,5.126467e-11,0,0
6.286888e-05,0.9999372,1,0
4.5511043e-14,1.0,1,0
0.9999894,1.0649964e-05,0,0
0.99997795,2.2105572e-05,0,0
1.0,4.6174054e-11,0,0
0.99996126,3.8790957e-05,0,0
1.0,2.5086235e-09,0,0
1.0,1.6081277e-12,0,0
0.9990062,0.0009938154,0,0
0.99998915,1.0871431e-05,0,0
2.1824902e-05,0.9999782,1,0
0.5578923,0.44210774,0,0
0.013114679,0.9868853,1,0
1.0,1.11579565e-11,0,0
0.9999914,8.593569e-06,0,0
1.0,9.225555e-11,0,0
1.0,6.020859e-13,0,0
0.99990356,9.640384e-05,0,0
0.99885917,0.0011408194,0,0
1.0,2.2598487e-08,0,0
1.0,3.181207e-08,0,0
1.0,2.4025653e-08,0,0
0.9821492,0.01785083,0,0
1.0,6.2968466e-09,0,0
1.0,5.8999104e-14,0,0
1.0,1.5126245e-09,0,0
0.115419686,0.8845803,1,0
1.0,1.9615327e-13,0,0
0.999997,3.0379208e-06,0,0
2.3276023e-12,1.0,1,0
1.0,3.1272706e-13,0,0
1.0,2.079943e-10,0,0
0.9999995,5.180972e-07,0,0
1.7701633e-07,0.9999999,1,0
1.0,3.9663637e-11,0,0
9.246397e-05,0.9999075,1,0
0.9999999,1.048105e-07,0,0
1.0,3.0422678e-13,0,0
1.0,1.3362245e-08,0,0
0.9999964,3.5927512e-06,0,0
1.1142997e-09,1.0,1,0
3.0193612e-15,1.0,1,0
1.0,1.9414703e-13,0,0
0.9999552,4.4806307e-05,0,0
1.0,2.2286968e-10,0,0
1.0,2.2987843e-11,0,0
0.99999535,4.695426e-06,0,0
1.0,1.2442022e-11,0,0
4.3578171e-07,0.9999995,1,0
0.96329963,0.036700353,0,0
1.0,2.2793754e-09,0,0
0.99999964,3.2131706e-07,0,0
0.00047303885,0.999527,1,0
1.0,2.5296785e-09,0,0
0.97883177,0.021168217,0,0
0.0021640582,0.99783593,1,0
1.0,6.906868e-11,0,0
0.99999976,2.8159195e-07,0,0
0.99999964,2.983086e-07,0,0
5.0078324e-09,1.0,1,0
1.9546249e-05,0.99998045,1,0
1.0,1.1644419e-09,0,0
1.0,1.8852306e-08,0,0
1.0,1.5032094e-11,0,0
1.0,2.3144629e-12,0,0
0.99970275,0.00029726897,0,0
1.0,3.1863195e-12,0,0
0.9335304,0.06646963,0,0
0.9999999,1.4511089e-07,0,0
0.03244518,0.96755475,1,0
0.0056439736,0.994356,1,0
0.00063708465,0.9993629,1,0
0.99999976,2.1910856e-07,0,0
0.9999999,1.5907703e-07,0,0
0.999997,2.9428872e-06,0,0
0.011046809,0.98895323,1,0
0.020266764,0.9797332,1,0
1.0,4.0633132e-11,0,0
2.8363382e-13,1.0,1,0
0.93152314,0.06847683,0,0
0.1611628,0.8388372,1,0
1.0,2.5940356e-11,0,0
0.017174466,0.9828256,1,0
1.0,1.2110064e-08,0,0
0.99999833,1.727677e-06,0,0
0.008625267,0.9913748,1,0
1.0,2.1599922e-09,0,0
0.9999993,6.62746e-07,0,0
0.0041547543,0.99584526,1,0
1.0,1.2081779e-08,0,0
1.0,2.5457261e-11,0,0
5.886917e-06,0.99999416,1,0
4.1722725e-08,1.0,1,0
1.0,1.06977944e-13,0,0
4.0561912e-10,1.0,1,0
0.09732115,0.90267885,1,0
0.99999475,5.193594e-06,0,0
0.99707305,0.0029269771,0,0
0.5667237,0.4332763,0,0
1.0,4.6426286e-14,0,0
1.0,6.9278086e-14,0,0
0.99996495,3.507543e-05,0,0
1.0,7.7989115e-14,0,0
1.0,2.438154e-11,0,0
0.14220305,0.8577969,1,0
1.14623354e-07,0.9999999,1,0
0.99996364,3.6346726e-05,0,0
0.9999995,4.7875506e-07,0,0
1.0,1.7391075e-10,0,0
1.0,1.0909731e-12,0,0
1.0,2.2012239e-10,0,0
0.9998548,0.0001451169,0,0
1.0,1.1121587e-10,0,0
0.3274184,0.6725816,1,0
1.0,2.7358746e-14,0,0
0.6662838,0.33371624,0,0
1.0,2.6629298e-12,0,0
1.0,1.231759e-10,0,0
1.0,3.623678e-10,0,0
1.0,1.04306585e-14,0,0
1.0,5.3619114e-09,0,0
