0,1,class_label,target_label
0.80445427,0.19554567,0,1
0.99998605,1.3946803e-05,0,1
1.0,1.33643345e-08,0,1
0.89178723,0.108212814,0,1
0.9999999,6.4640645e-08,0,1
0.9999999,1.3369414e-07,0,1
0.9426779,0.05732205,0,1
0.99801743,0.0019825206,0,1
0.97687453,0.023125485,0,1
0.9775621,0.022437932,0,1
0.3633624,0.63663757,1,1
0.99999654,3.4353789e-06,0,1
0.99999285,7.1443737e-06,0,1
0.9894274,0.010572563,0,1
0.13206592,0.86793405,1,1
0.9999896,1.0417496e-05,0,1
0.9999999,1.4733604e-07,0,1
0.99999225,7.692484e-06,0,1
0.9983234,0.0016766455,0,1
0.9999999,9.908942e-08,0,1
0.99996936,3.0602223e-05,0,1
0.9999995,4.6082226e-07,0,1
0.98929054,0.010709423,0,1
0.9677223,0.032277703,0,1
0.962058,0.037941985,0,1
0.999998,2.0509272e-06,0,1
0.99997425,2.5806747e-05,0,1
0.39273882,0.60726124,1,1
1.0,2.6460954e-08,0,1
0.99999976,2.7892378e-07,0,1
0.9780661,0.02193387,0,1
0.9999989,1.095799e-06,0,1
0.9998233,0.00017673268,0,1
0.98934144,0.010658625,0,1
0.61946857,0.38053143,0,1
0.9986351,0.0013648687,0,1
0.98297775,0.017022235,0,1
0.90218693,0.097813085,0,1
1.0,5.7542717e-08,0,1
0.9999995,4.5989634e-07,0,1
0.8732762,0.12672384,0,1
0.9999999,1.17591945e-07,0,1
0.57739496,0.42260495,0,1
0.99980587,0.00019411319,0,1
0.9678307,0.032169245,0,1
0.9915816,0.008418374,0,1
0.99999964,3.6426457e-07,0,1
0.9996872,0.00031280782,0,1
0.99999833,1.7154064e-06,0,1
0.83887756,0.1611224,0,1
0.9776005,0.022399543,0,1
0.49661344,0.50338656,1,1
0.99439245,0.0056076273,0,1
0.9999913,8.698366e-06,0,1
0.9995388,0.00046126984,0,1
1.0,6.0730815e-10,0,1
0.9999994,6.020289e-07,0,1
0.9989844,0.001015582,0,1
0.9998385,0.0001614885,0,1
0.88860387,0.1113961,0,1
0.996332,0.0036680577,0,1
0.99978656,0.00021342735,0,1
0.9999995,4.5049475e-07,0,1
0.99999166,8.3412415e-06,0,1
1.0,1.9488732e-08,0,1
0.9989371,0.0010629377,0,1
0.99956006,0.00043992195,0,1
0.97365606,0.026343863,0,1
0.999959,4.0998097e-05,0,1
0.99999213,7.872345e-06,0,1
0.99999774,2.2148604e-06,0,1
0.9990963,0.00090378395,0,1
0.9811663,0.01883367,0,1
0.9999999,1.10433916e-07,0,1
0.98035276,0.019647187,0,1
0.5076702,0.49232972,0,1
0.9791917,0.020808298,0,1
0.9998839,0.00011611439,0,1
0.9999664,3.365015e-05,0,1
0.99999964,4.069082e-07,0,1
0.9999809,1.9130524e-05,0,1
0.9987576,0.0012424138,0,1
0.99999905,9.294792e-07,0,1
0.99793625,0.0020637685,0,1
0.5239732,0.4760267,0,1
0.9999995,4.483338e-07,0,1
0.9997508,0.00024921875,0,1
0.9983418,0.0016582018,0,1
0.99989665,0.00010329756,0,1
1.0,5.220411e-08,0,1
0.9976464,0.0023535967,0,1
0.6699513,0.33004865,0,1
0.9999788,2.1250771e-05,0,1
0.999995,5.004616e-06,0,1
0.9734476,0.026552407,0,1
0.9999994,5.847386e-07,0,1
0.99999666,3.288724e-06,0,1
0.9999993,7.669635e-07,0,1
0.99999523,4.7133535e-06,0,1
0.99996734,3.2615557e-05,0,1
0.9962471,0.0037529154,0,1
0.9789889,0.021011109,0,1
0.9681835,0.031816464,0,1
0.92795867,0.07204131,0,1
1.0,1.3532337e-09,0,1
0.8244875,0.17551246,0,1
0.9999999,1.223654e-07,0,1
0.8936469,0.10635305,0,1
0.85411096,0.14588907,0,1
0.9999999,9.377608e-08,0,1
1.0,3.5414867e-09,0,1
0.9999974,2.659931e-06,0,1
0.9999999,7.3666506e-08,0,1
0.9942146,0.005785425,0,1
0.99999976,2.2197271e-07,0,1
0.9856961,0.01430384,0,1
0.99999976,2.5952875e-07,0,1
0.9575956,0.04240448,0,1
0.9273937,0.072606295,0,1
0.9685305,0.031469487,0,1
0.99999416,5.898685e-06,0,1
0.99999976,2.8560254e-07,0,1
0.451914,0.54808605,1,1
1.0,2.2200737e-08,0,1
0.9994746,0.00052545086,0,1
0.99997735,2.259467e-05,0,1
0.9999994,6.1501737e-07,0,1
0.9825247,0.017475285,0,1
1.0,9.3688985e-09,0,1
0.99995947,4.0558785e-05,0,1
0.9999943,5.730538e-06,0,1
0.99999976,1.9607938e-07,0,1
0.9999943,5.697694e-06,0,1
0.99998295,1.7046958e-05,0,1
0.9999994,5.550732e-07,0,1
0.99905926,0.0009407045,0,1
0.37720504,0.62279505,1,1
0.99949384,0.0005060874,0,1
0.9973386,0.0026613618,0,1
0.99173695,0.008263103,0,1
0.96249294,0.037507072,0,1
0.99999714,2.85809e-06,0,1
0.95167685,0.048323188,0,1
0.99999845,1.5824919e-06,0,1
0.9992106,0.0007893916,0,1
0.9999975,2.5128832e-06,0,1
0.61343217,0.38656774,0,1
0.95541036,0.044589654,0,1
0.9997876,0.00021241128,0,1
0.923524,0.07647599,0,1
0.9999291,7.0966395e-05,0,1
0.99999964,3.6320967e-07,0,1
1.0,4.691826e-08,0,1
0.8304996,0.16950043,0,1
0.67260265,0.32739738,0,1
0.9999999,1.4106136e-07,0,1
0.7701293,0.2298707,0,1
0.91807425,0.08192576,0,1
0.9906529,0.009347154,0,1
0.7652304,0.2347696,0,1
1.0,5.630782e-08,0,1
0.99999833,1.6835273e-06,0,1
0.76733637,0.2326636,0,1
0.97444665,0.025553301,0,1
0.99999905,1.0128756e-06,0,1
0.9832428,0.016757192,0,1
0.99938345,0.00061648194,0,1
0.99652773,0.0034722295,0,1
1.0,2.4562588e-08,0,1
0.9999931,6.880435e-06,0,1
0.9658969,0.034103062,0,1
0.9999814,1.8606179e-05,0,1
0.94498646,0.055013493,0,1
0.99999595,4.0646482e-06,0,1
0.9995757,0.00042432826,0,1
0.99999845,1.5539275e-06,0,1
0.98134536,0.018654576,0,1
0.9994431,0.0005568221,0,1
0.9998933,0.000106738255,0,1
0.9999722,2.776756e-05,0,1
0.99999297,7.0228466e-06,0,1
0.99995387,4.6131136e-05,0,1
0.99999905,1.0044251e-06,0,1
0.998914,0.0010860349,0,1
0.99998975,1.0239649e-05,0,1
0.9940951,0.0059049134,0,1
0.9999944,5.6079593e-06,0,1
0.98598194,0.014018086,0,1
0.4210924,0.57890755,1,1
0.9999336,6.6339235e-05,0,1
0.9988152,0.0011847904,0,1
0.9523517,0.047648337,0,1
0.9992187,0.0007813092,0,1
0.99605983,0.003940088,0,1
0.9909859,0.009014153,0,1
0.9994856,0.00051439146,0,1
1.0,1.7670312e-09,0,1
0.93699545,0.063004576,0,1
0.9999926,7.432103e-06,0,1
0.99999964,3.9976848e-07,0,1
1.0,3.4368897e-09,0,1
0.84339106,0.15660895,0,1
0.75938237,0.24061759,0,1
0.75602823,0.24397175,0,1
0.9979564,0.0020436125,0,1
0.99999976,2.3221423e-07,0,1
0.99997306,2.6950534e-05,0,1
0.9999993,7.347496e-07,0,1
0.9999771,2.2880306e-05,0,1
0.9229467,0.077053346,0,1
0.9999881,1.1927377e-05,0,1
0.99993336,6.663762e-05,0,1
0.9735581,0.026441839,0,1
0.7979666,0.20203339,0,1
0.9993799,0.0006200469,0,1
0.9930171,0.00698288,0,1
0.99992454,7.5441916e-05,0,1
0.8492362,0.1507638,0,1
0.9999969,3.1225754e-06,0,1
0.99999344,6.4973297e-06,0,1
0.9999901,9.851041e-06,0,1
0.99999845,1.5731237e-06,0,1
1.0,2.299428e-08,0,1
0.99997866,2.136114e-05,0,1
0.9779202,0.022079844,0,1
0.90731126,0.092688724,0,1
0.6868784,0.3131216,0,1
0.9939174,0.006082672,0,1
1.0,6.7296293e-09,0,1
0.96070707,0.0392929,0,1
1.0,5.399185e-09,0,1
0.9998097,0.00019028537,0,1
0.94577765,0.054222375,0,1
0.9100311,0.08996894,0,1
0.31167987,0.6883201,1,1
0.027973574,0.97202635,1,1
0.001445192,0.99855477,1,1
0.0016361488,0.9983638,1,1
2.1413047e-05,0.99997854,1,1
8.8565444e-05,0.9999114,1,1
0.08471558,0.9152844,1,1
0.00157957,0.9984205,1,1
0.0004170481,0.99958295,1,1
0.0015634991,0.9984365,1,1
0.00051813846,0.99948186,1,1
1.331868e-06,0.9999987,1,1
7.523551e-05,0.9999248,1,1
4.1000814e-07,0.99999964,1,1
0.0022754732,0.9977245,1,1
0.00057879806,0.99942124,1,1
0.004950243,0.9950498,1,1
6.5552973e-07,0.9999994,1,1
0.036681037,0.9633189,1,1
0.0023101347,0.99768984,1,1
1.78637e-10,1.0,1,1
0.047071055,0.95292896,1,1
0.012238745,0.98776126,1,1
6.0112235e-08,0.9999999,1,1
4.7524805e-05,0.99995244,1,1
1.0466603e-06,0.9999989,1,1
0.004141008,0.99585897,1,1
0.11353104,0.88646895,1,1
0.0001355787,0.99986446,1,1
5.538116e-08,1.0,1,1
0.113919,0.88608104,1,1
0.0033522488,0.9966478,1,1
8.05677e-09,1.0,1,1
0.019683471,0.9803166,1,1
0.00054886646,0.9994511,1,1
1.1106939e-06,0.9999989,1,1
3.3465979e-06,0.99999666,1,1
5.8101374e-10,1.0,1,1
0.0005279223,0.9994721,1,1
9.732501e-05,0.9999026,1,1
0.025965666,0.97403437,1,1
6.3718403e-07,0.9999994,1,1
0.4210924,0.57890767,1,1
0.00027618057,0.99972385,1,1
0.00013091041,0.9998691,1,1
0.038341615,0.9616584,1,1
0.21137996,0.78862005,1,1
0.0031234957,0.9968765,1,1
3.1143827e-05,0.9999689,1,1
1.4238975e-05,0.9999858,1,1
0.010220142,0.98977983,1,1
0.00014811248,0.9998518,1,1
0.00090185186,0.9990982,1,1
0.002028609,0.99797136,1,1
7.166606e-06,0.99999285,1,1
0.08746097,0.912539,1,1
0.07118677,0.9288132,1,1
0.00016388374,0.9998361,1,1
4.8455222e-05,0.9999516,1,1
0.040999826,0.95900023,1,1
0.0084067425,0.99159324,1,1
0.00010365791,0.9998963,1,1
0.0138042485,0.9861958,1,1
2.8762168e-09,1.0,1,1
0.04959879,0.95040125,1,1
0.09192919,0.9080708,1,1
0.11980518,0.88019484,1,1
0.10503976,0.8949602,1,1
0.00032880018,0.9996712,1,1
0.00028433817,0.9997156,1,1
0.061982453,0.9380175,1,1
0.0010646306,0.9989354,1,1
0.0006989994,0.99930096,1,1
0.011303524,0.98869646,1,1
0.0741058,0.9258942,1,1
0.0002852342,0.9997148,1,1
5.5174473e-06,0.9999945,1,1
0.4975594,0.5024406,1,1
0.0006902303,0.9993098,1,1
0.14865904,0.85134095,1,1
0.6148295,0.3851705,0,1
0.10113738,0.8988626,1,1
2.3932935e-05,0.99997604,1,1
0.00021671261,0.99978334,1,1
0.0009560429,0.9990439,1,1
0.34008658,0.6599134,1,1
1.869777e-07,0.99999976,1,1
0.050865017,0.949135,1,1
9.7508026e-05,0.9999025,1,1
0.00045821263,0.99954176,1,1
3.7160387e-06,0.9999963,1,1
4.523556e-06,0.99999547,1,1
8.973094e-06,0.99999106,1,1
0.0014365215,0.99856347,1,1
0.33062983,0.6693702,1,1
7.883589e-11,1.0,1,1
1.30450935e-05,0.999987,1,1
6.417995e-08,0.9999999,1,1
0.2602722,0.7397278,1,1
0.0007764399,0.9992236,1,1
2.5852462e-09,1.0,1,1
3.03337e-06,0.999997,1,1
0.053542938,0.9464571,1,1
5.3257315e-07,0.9999995,1,1
0.0011268208,0.9988732,1,1
0.08459755,0.9154025,1,1
0.00015808191,0.9998419,1,1
3.2849638e-08,1.0,1,1
2.2099131e-08,1.0,1,1
0.037957754,0.9620422,1,1
0.020002745,0.9799973,1,1
0.0024678998,0.9975321,1,1
7.656238e-11,1.0,1,1
0.003270061,0.99672997,1,1
0.0019407469,0.9980592,1,1
0.0028427679,0.9971572,1,1
1.1302964e-05,0.9999887,1,1
1.4558802e-06,0.99999857,1,1
0.08267733,0.9173227,1,1
3.5094314e-07,0.99999964,1,1
0.015871944,0.98412806,1,1
0.00012230538,0.9998777,1,1
0.0053772004,0.9946228,1,1
2.5473364e-06,0.9999975,1,1
0.00023914859,0.9997608,1,1
0.0067115836,0.99328846,1,1
0.09362457,0.9063754,1,1
0.0037309069,0.9962691,1,1
5.6364042e-05,0.9999436,1,1
3.4347537e-05,0.99996567,1,1
0.57458353,0.42541647,0,1
0.009312498,0.99068755,1,1
0.06549062,0.93450946,1,1
0.00011616366,0.9998838,1,1
8.881335e-06,0.99999106,1,1
0.0021799286,0.99782,1,1
1.7378832e-07,0.9999999,1,1
0.00029953668,0.99970055,1,1
1.7968871e-07,0.99999976,1,1
7.831031e-11,1.0,1,1
0.34603864,0.65396136,1,1
0.0004243885,0.99957556,1,1
1.7352084e-05,0.9999826,1,1
0.06997079,0.9300292,1,1
3.5628143e-06,0.9999964,1,1
7.643106e-11,1.0,1,1
2.272847e-08,1.0,1,1
0.06567014,0.93432987,1,1
0.0021047024,0.99789524,1,1
1.7089226e-09,1.0,1,1
2.9869037e-05,0.9999701,1,1
3.3894771e-09,1.0,1,1
2.1067617e-06,0.99999785,1,1
0.013076385,0.98692364,1,1
1.8620698e-06,0.9999981,1,1
1.1497151e-09,1.0,1,1
4.4333777e-09,1.0,1,1
0.0550372,0.94496286,1,1
0.014157025,0.985843,1,1
0.33206284,0.66793716,1,1
0.5319912,0.46800882,0,1
0.012003821,0.98799616,1,1
0.010875211,0.9891248,1,1
0.0061790217,0.99382097,1,1
0.00030916257,0.9996909,1,1
0.014854421,0.98514557,1,1
0.043358047,0.956642,1,1
0.018560588,0.9814394,1,1
0.01783238,0.9821676,1,1
0.2708147,0.72918534,1,1
3.6590593e-09,1.0,1,1
0.47580883,0.52419114,1,1
0.0006285737,0.99937147,1,1
0.00055962213,0.9994404,1,1
7.03537e-05,0.99992967,1,1
0.13686372,0.86313623,1,1
0.010850005,0.98915,1,1
0.0010857669,0.99891424,1,1
0.0011543768,0.9988456,1,1
0.069562115,0.93043786,1,1
5.6115143e-05,0.99994385,1,1
0.07791989,0.9220801,1,1
0.0508197,0.9491803,1,1
3.4995722e-07,0.99999964,1,1
0.3137927,0.68620735,1,1
0.0099490825,0.99005085,1,1
0.004777931,0.99522203,1,1
0.00019595907,0.9998041,1,1
1.130266e-09,1.0,1,1
0.0014139169,0.99858606,1,1
0.0002048135,0.99979526,1,1
1.4006817e-09,1.0,1,1
1.6139714e-06,0.99999833,1,1
1.2879228e-05,0.9999871,1,1
0.046706527,0.9532935,1,1
0.018202802,0.9817972,1,1
9.814274e-08,0.9999999,1,1
0.00015979561,0.99984014,1,1
3.313877e-05,0.99996686,1,1
1.6494621e-05,0.99998355,1,1
2.3408283e-07,0.99999976,1,1
0.07656477,0.92343515,1,1
0.0024720035,0.997528,1,1
0.0012901857,0.9987098,1,1
7.4046186e-11,1.0,1,1
1.2112508e-09,1.0,1,1
8.3538835e-06,0.99999166,1,1
5.18829e-07,0.9999995,1,1
1.7703398e-05,0.99998224,1,1
0.11812891,0.88187104,1,1
0.0005815194,0.9994185,1,1
0.00057107286,0.9994289,1,1
3.854768e-05,0.9999615,1,1
1.874832e-07,0.99999976,1,1
0.019903151,0.9800969,1,1
9.799554e-05,0.999902,1,1
2.706254e-05,0.99997294,1,1
0.052326854,0.9476731,1,1
0.041419543,0.9585805,1,1
7.042526e-08,0.9999999,1,1
0.31516644,0.6848336,1,1
0.45320228,0.54679775,1,1
0.004065874,0.9959341,1,1
1.3930472e-07,0.9999999,1,1
0.005792154,0.99420786,1,1
8.6060753e-10,1.0,1,1
0.01113562,0.9888644,1,1
0.0004892395,0.99951077,1,1
0.073260725,0.9267392,1,1
0.00042083548,0.99957913,1,1
1.8183495e-05,0.99998176,1,1
0.0032603305,0.9967397,1,1
0.19039181,0.8096082,1,1
0.0012627551,0.9987373,1,1
0.9999999,9.535081e-08,0,0
0.5903353,0.40966472,0,0
0.48673582,0.5132642,1,0
5.9964855e-06,0.99999404,1,0
0.9999968,3.2538428e-06,0,0
0.9999994,6.3372914e-07,0,0
0.9999757,2.4294031e-05,0,0
0.05468814,0.9453119,1,0
0.999977,2.2983855e-05,0,0
0.17040499,0.829595,1,0
0.95420814,0.045791846,0,0
0.8891496,0.11085038,0,0
0.35902086,0.6409791,1,0
4.2513895e-09,1.0,1,0
0.9999964,3.575057e-06,0,0
0.99781704,0.00218292,0,0
0.99933237,0.00066760805,0,0
0.999915,8.497416e-05,0,0
0.9882329,0.011767114,0,0
0.99999917,7.818399e-07,0,0
0.9233069,0.07669312,0,0
0.99769235,0.0023076367,0,0
0.9999032,9.678324e-05,0,0
0.99972457,0.00027536022,0,0
0.9873777,0.012622287,0,0
0.9999999,7.3221884e-08,0,0
0.9999324,6.75369e-05,0,0
0.9999416,5.8388345e-05,0,0
0.9985207,0.0014793413,0,0
0.9956884,0.004311643,0,0
0.9999356,6.441579e-05,0,0
0.9999225,7.749989e-05,0,0
0.9999863,1.3666333e-05,0,0
0.12188654,0.87811345,1,0
0.9999969,3.0645867e-06,0,0
0.9999994,6.121478e-07,0,0
0.9997787,0.00022134378,0,0
0.99999905,9.770781e-07,0,0
0.46056083,0.53943914,1,0
0.98021734,0.019782597,0,0
0.969117,0.030883003,0,0
1.0,3.272781e-08,0,0
0.001666345,0.99833363,1,0
0.99354726,0.0064527597,0,0
0.03353854,0.9664614,1,0
0.14287825,0.85712177,1,0
0.9544659,0.045534085,0,0
6.7573505e-06,0.9999932,1,0
0.9914765,0.008523468,0,0
0.999984,1.5983593e-05,0,0
0.11268761,0.8873124,1,0
0.8791542,0.12084582,0,0
0.8450598,0.15494017,0,0
0.974134,0.025865948,0,0
0.97331536,0.026684638,0,0
0.99353915,0.0064608296,0,0
0.00161253,0.99838746,1,0
0.4547451,0.5452549,1,0
0.9995351,0.0004649001,0,0
1.0,1.2736464e-08,0,0
0.55850595,0.44149405,0,0
0.99999416,5.801013e-06,0,0
0.9999852,1.483462e-05,0,0
0.9999982,1.7838371e-06,0,0
0.669562,0.33043802,0,0
0.99999976,2.7467436e-07,0,0
0.9992403,0.00075972424,0,0
0.9963505,0.003649514,0,0
0.99998593,1.4102605e-05,0,0
0.99997544,2.4548068e-05,0,0
0.006468738,0.9935313,1,0
9.700186e-06,0.99999034,1,0
0.99184555,0.008154506,0,0
0.999962,3.8065955e-05,0,0
0.5237858,0.4762141,0,0
0.9999975,2.5159957e-06,0,0
0.91755146,0.08244857,0,0
0.018121878,0.9818781,1,0
0.99953246,0.0004675874,0,0
0.9816659,0.018334076,0,0
1.0,5.7184504e-08,0,0
3.225281e-05,0.9999677,1,0
0.999332,0.0006679189,0,0
0.9999962,3.7739346e-06,0,0
0.16870345,0.8312965,1,0
0.9999999,8.319962e-08,0,0
0.99990153,9.842783e-05,0,0
0.7941494,0.20585066,0,0
0.0006547965,0.99934524,1,0
0.99743444,0.002565545,0,0
1.664864e-05,0.9999833,1,0
0.9999908,9.222442e-06,0,0
1.0,2.7182551e-08,0,0
0.019324353,0.98067564,1,0
0.059382446,0.94061756,1,0
7.8730106e-11,1.0,1,0
1.0,3.4044458e-08,0,0
0.99950373,0.00049623835,0,0
0.99963653,0.00036344244,0,0
0.9911417,0.008858351,0,0
0.6458994,0.35410058,0,0
0.9999286,7.136666e-05,0,0
1.0,5.2916484e-08,0,0
0.9999963,3.7194388e-06,0,0
0.99961865,0.00038135465,0,0
0.997712,0.002287936,0,0
0.058397118,0.9416028,1,0
0.4399969,0.5600031,1,0
1.0,1.0504763e-08,0,0
0.005107552,0.9948925,1,0
0.0015973648,0.99840266,1,0
0.0017279233,0.99827206,1,0
0.63882655,0.36117348,0,0
0.9850477,0.014952275,0,0
0.9923577,0.007642253,0,0
0.98659724,0.013402783,0,0
0.9559847,0.04401534,0,0
0.024870357,0.9751296,1,0
0.99224406,0.007755985,0,0
0.99999917,8.30474e-07,0,0
0.9999999,1.320023e-07,0,0
0.94774675,0.05225329,0,0
0.009620341,0.9903797,1,0
0.56047565,0.43952435,0,0
0.99999595,4.0418495e-06,0,0
0.0062064165,0.9937936,1,0
0.99999976,2.1660811e-07,0,0
0.16884102,0.83115894,1,0
0.999997,2.972819e-06,0,0
0.015717594,0.98428243,1,0
0.9999956,4.380511e-06,0,0
0.00069958746,0.99930036,1,0
0.014513201,0.98548687,1,0
0.9999964,3.5586713e-06,0,0
0.99884796,0.0011520392,0,0
0.016017787,0.98398226,1,0
0.99999976,2.0717972e-07,0,0
1.0,4.4031916e-09,0,0
1.0,2.6450093e-09,0,0
0.99604565,0.0039543062,0,0
0.91660976,0.08339028,0,0
0.99728656,0.00271343,0,0
0.99846774,0.00153224,0,0
0.9982475,0.0017524625,0,0
0.97955894,0.020441066,0,0
0.99999976,2.900072e-07,0,0
0.9999999,6.720807e-08,0,0
0.025664994,0.97433496,1,0
0.99576783,0.0042321924,0,0
0.024538253,0.9754617,1,0
0.017925998,0.982074,1,0
0.0012351974,0.9987649,1,0
0.9927441,0.007255933,0,0
0.023079459,0.9769206,1,0
0.99999595,4.0881446e-06,0,0
0.9999999,7.293322e-08,0,0
0.00036921972,0.9996308,1,0
0.0003146143,0.9996854,1,0
0.00039984597,0.99960023,1,0
0.9999993,7.566212e-07,0,0
0.5962934,0.40370655,0,0
0.9996325,0.00036754052,0,0
0.6760472,0.3239528,0,0
0.0015314944,0.99846846,1,0
1.0,2.7890293e-08,0,0
0.99999976,1.8725555e-07,0,0
0.0017962895,0.99820375,1,0
0.97011954,0.029880458,0,0
0.98886067,0.011139332,0,0
0.99999714,2.9066387e-06,0,0
0.9474215,0.052578513,0,0
0.99639374,0.0036062235,0,0
0.076350205,0.92364985,1,0
0.85639334,0.1436067,0,0
0.9999951,4.8582424e-06,0,0
0.0024297428,0.9975702,1,0
0.2904262,0.70957375,1,0
0.9993498,0.00065019965,0,0
0.0013486359,0.99865144,1,0
0.9998424,0.00015757368,0,0
0.99999964,3.0568933e-07,0,0
0.00068939733,0.9993106,1,0
0.99994504,5.500938e-05,0,0
1.0,6.7528765e-09,0,0
1.0,3.1566114e-09,0,0
0.9999541,4.586662e-05,0,0
0.99998903,1.1012237e-05,0,0
0.7708658,0.22913423,0,0
0.9998765,0.00012344305,0,0
3.414053e-05,0.9999659,1,0
0.97793293,0.02206707,0,0
0.9624576,0.037542373,0,0
0.9954723,0.0045276945,0,0
0.99999917,7.751721e-07,0,0
0.9999995,5.253895e-07,0,0
0.004758388,0.99524164,1,0
5.8851037e-06,0.99999416,1,0
0.9999995,5.2194065e-07,0,0
0.00020748508,0.9997925,1,0
0.99999785,2.142722e-06,0,0
0.996563,0.0034369424,0,0
0.9871796,0.012820442,0,0
0.9999937,6.287468e-06,0,0
0.99998677,1.32151845e-05,0,0
0.90310186,0.09689816,0,0
0.93338436,0.0666156,0,0
0.1777165,0.8222835,1,0
0.99982786,0.00017213638,0,0
0.9994185,0.00058151886,0,0
0.9438989,0.056101106,0,0
0.65778106,0.342219,0,0
0.9999999,1.7605468e-07,0,0
0.99999845,1.5398774e-06,0,0
0.9999968,3.2254222e-06,0,0
0.0035606779,0.9964393,1,0
0.99999523,4.794157e-06,0,0
1.0,4.9707403e-08,0,0
0.035383277,0.9646167,1,0
0.99999774,2.2381662e-06,0,0
0.99999964,3.0593196e-07,0,0
0.9999999,1.6178258e-07,0,0
0.99999404,6.005035e-06,0,0
0.016272187,0.9837278,1,0
0.9999777,2.23132e-05,0,0
7.778179e-09,1.0,1,0
0.999977,2.3044104e-05,0,0
0.3650133,0.63498676,1,0
0.6564698,0.3435302,0,0
0.61579853,0.38420144,0,0
0.81759095,0.18240905,0,0
0.99999666,3.3297092e-06,0,0
0.9999995,4.925844e-07,0,0
0.99999976,2.1609807e-07,0,0
0.99830174,0.0016982761,0,0
0.00031546128,0.9996846,1,0
0.95027846,0.049721535,0,0
0.7092568,0.2907432,0,0
0.99999464,5.3363588e-06,0,0
5.9529193e-06,0.99999404,1,0
0.0015161705,0.99848384,1,0
0.99987376,0.00012625601,0,0
0.9979253,0.0020747415,0,0
0.13579468,0.86420536,1,0
0.9998043,0.00019569728,0,0
0.9973137,0.002686283,0,0
0.99999964,3.55415e-07,0,0
0.9999976,2.3752102e-06,0,0
1.5210088e-05,0.99998474,1,0
0.9999988,1.1651932e-06,0,0
0.9991059,0.00089412223,0,0
0.99993825,6.170512e-05,0,0
0.00016078481,0.9998392,1,0
7.815826e-11,1.0,1,0
0.999966,3.3940654e-05,0,0
0.066946,0.93305403,1,0
0.9997814,0.00021862944,0,0
0.9999974,2.623617e-06,0,0
0.9995734,0.00042655476,0,0
0.6618272,0.33817282,0,0
0.2958371,0.7041629,1,0
0.99974805,0.00025199182,0,0
0.9918228,0.008177229,0,0
0.07818779,0.9218122,1,0
0.9999994,5.3942256e-07,0,0
6.7588513e-07,0.9999993,1,0
0.9999999,1.6703085e-07,0,0
5.8669757e-06,0.99999416,1,0
0.0016650179,0.99833506,1,0
0.9948986,0.0051014037,0,0
0.99986064,0.000139342,0,0
0.9942912,0.0057088323,0,0
0.99999595,4.0524715e-06,0,0
0.99985564,0.00014434104,0,0
0.8801014,0.11989858,0,0
0.99575055,0.0042494102,0,0
0.9999726,2.7385922e-05,0,0
0.99999595,4.0635086e-06,0,0
0.9996542,0.00034578057,0,0
0.025802981,0.97419703,1,0
8.988423e-07,0.99999905,1,0
0.99999964,3.626946e-07,0,0
0.99999857,1.3736886e-06,0,0
0.9999988,1.1592048e-06,0,0
0.0015524286,0.99844754,1,0
0.99918956,0.00081040274,0,0
0.99938893,0.0006109934,0,0
0.99999976,1.812131e-07,0,0
0.99998856,1.1494828e-05,0,0
9.909166e-07,0.99999905,1,0
0.18238063,0.8176194,1,0
0.9999616,3.8347887e-05,0,0
0.002200197,0.9977998,1,0
0.01060413,0.9893959,1,0
0.99607384,0.0039261472,0,0
0.9998437,0.0001562971,0,0
0.14153941,0.85846055,1,0
0.00013571515,0.9998642,1,0
0.99999034,9.599178e-06,0,0
6.3237408e-06,0.9999937,1,0
0.018969968,0.98103,1,0
0.0009486972,0.9990513,1,0
0.9863099,0.01369007,0,0
