              precision    recall  f1-score   support

           0       0.47      0.59      0.52        80
           1       0.93      0.79      0.85        80
           2       0.81      0.76      0.79        80
           3       0.97      0.79      0.87        80
           4       0.56      0.72      0.63        80
           5       1.00      0.97      0.99        80
           6       0.98      1.00      0.99        80
           7       0.72      0.85      0.78        80
           8       0.92      0.82      0.87        80
           9       1.00      0.97      0.99        80
          10       1.00      0.93      0.96        80
          11       0.88      0.88      0.88        80
          12       1.00      0.99      0.99        80
          13       0.68      0.65      0.66        80
          14       1.00      0.94      0.97        80

    accuracy                           0.84      1200
   macro avg       0.86      0.84      0.85      1200
weighted avg       0.86      0.84      0.85      1200
