              precision    recall  f1-score   support

           0       1.00      1.00      1.00        80
           1       1.00      1.00      1.00        80
           2       1.00      1.00      1.00        80
           3       1.00      1.00      1.00        80
           4       1.00      1.00      1.00        80
           5       1.00      1.00      1.00        80
           6       1.00      1.00      1.00        80
           7       1.00      1.00      1.00        80
           8       1.00      1.00      1.00        80
           9       1.00      1.00      1.00        80
          10       1.00      1.00      1.00        80
          11       1.00      1.00      1.00        80
          12       1.00      1.00      1.00        80
          13       1.00      1.00      1.00        80
          14       1.00      1.00      1.00        80

    accuracy                           1.00      1200
   macro avg       1.00      1.00      1.00      1200
weighted avg       1.00      1.00      1.00      1200
