0,1,class_label,target_label
0.9998816,0.00011833766,0,1
0.994551,0.0054490217,0,1
0.9999325,6.742448e-05,0,1
0.99055415,0.009445855,0,1
0.9992879,0.0007121745,0,1
1.0,1.3079313e-10,0,1
0.9999603,3.973703e-05,0,1
1.0,1.5853764e-10,0,1
0.9681806,0.031819455,0,1
0.950043,0.049956962,0,1
0.99863166,0.0013683321,0,1
1.0,3.256697e-08,0,1
0.9927005,0.007299481,0,1
1.0,2.528211e-10,0,1
0.9999999,1.3600261e-07,0,1
0.99999964,3.3271274e-07,0,1
0.9985281,0.0014718286,0,1
0.6936627,0.30633727,0,1
0.99999726,2.709513e-06,0,1
0.94001114,0.05998885,0,1
1.0,5.375761e-11,0,1
0.9999999,9.9999625e-08,0,1
0.97935003,0.020649932,0,1
0.99999976,2.902645e-07,0,1
1.0,2.509083e-09,0,1
0.9993874,0.0006126574,0,1
0.9857082,0.014291907,0,1
1.0,5.298978e-09,0,1
1.0,4.894404e-08,0,1
0.9996582,0.00034178965,0,1
0.9994097,0.0005903024,0,1
0.83660173,0.16339831,0,1
1.0,6.9352e-10,0,1
0.9999378,6.226786e-05,0,1
0.9443422,0.055657744,0,1
1.0,1.494233e-08,0,1
0.9991049,0.0008950905,0,1
0.9999856,1.4385948e-05,0,1
0.99999607,3.9357883e-06,0,1
0.96771485,0.032285135,0,1
0.9998529,0.00014713615,0,1
1.0,3.0915256e-10,0,1
0.087863274,0.91213673,1,1
0.9954112,0.004588762,0,1
0.9987919,0.0012081366,0,1
1.0,9.587472e-09,0,1
0.9575298,0.042470276,0,1
0.9983741,0.0016258252,0,1
0.9927907,0.007209228,0,1
0.9621764,0.03782362,0,1
0.9619499,0.038050134,0,1
1.0,8.374361e-09,0,1
0.9997607,0.00023932972,0,1
0.9973393,0.0026606556,0,1
0.9999981,1.902791e-06,0,1
0.8072017,0.19279833,0,1
1.0,4.049424e-08,0,1
0.9999999,1.195397e-07,0,1
1.0,4.7747736e-08,0,1
0.999998,1.9773463e-06,0,1
1.0,1.36542e-08,0,1
0.99999976,2.6627075e-07,0,1
0.999928,7.204986e-05,0,1
1.0,3.955619e-08,0,1
0.99997103,2.8935738e-05,0,1
0.99999976,2.8958434e-07,0,1
0.9593534,0.04064667,0,1
0.9999869,1.3160489e-05,0,1
0.9996983,0.00030180585,0,1
0.90185446,0.098145574,0,1
0.9892714,0.010728571,0,1
0.9999492,5.082882e-05,0,1
0.9861857,0.013814269,0,1
0.99917847,0.0008214695,0,1
0.98392916,0.01607089,0,1
0.99999785,2.1838937e-06,0,1
1.0,1.6523048e-10,0,1
0.99994206,5.7958583e-05,0,1
0.9999752,2.4843466e-05,0,1
0.97340626,0.026593717,0,1
0.99998987,1.0078429e-05,0,1
0.7345567,0.2654433,0,1
0.9999999,9.538647e-08,0,1
1.0,2.1348467e-10,0,1
0.9999958,4.1476465e-06,0,1
1.0,5.357863e-09,0,1
0.99202675,0.007973295,0,1
0.9999993,6.8462026e-07,0,1
0.99242216,0.007577862,0,1
1.0,1.2203145e-10,0,1
0.98574835,0.014251677,0,1
1.0,2.591427e-09,0,1
0.9999999,6.207106e-08,0,1
0.9998728,0.00012715695,0,1
0.9999995,5.364242e-07,0,1
0.99999774,2.2817703e-06,0,1
0.99191767,0.008082365,0,1
0.94786286,0.052137118,0,1
0.99999976,2.9121276e-07,0,1
0.9933988,0.006601169,0,1
0.99149054,0.00850946,0,1
1.0,3.104967e-08,0,1
0.8711784,0.1288216,0,1
0.82556164,0.17443836,0,1
1.0,1.8753287e-08,0,1
0.99999917,8.561613e-07,0,1
0.9646323,0.035367757,0,1
0.99713045,0.0028695343,0,1
0.9991142,0.00088578544,0,1
1.0,4.15625e-09,0,1
0.9999999,1.12205306e-07,0,1
0.9021164,0.09788359,0,1
0.97089136,0.02910865,0,1
0.9964289,0.0035711029,0,1
0.9298113,0.07018873,0,1
0.99998915,1.0857858e-05,0,1
0.99999964,3.1163796e-07,0,1
0.9999945,5.4332754e-06,0,1
1.0,4.7355112e-08,0,1
1.0,1.0393906e-09,0,1
0.9987018,0.0012981694,0,1
0.9999211,7.886345e-05,0,1
0.997797,0.0022029895,0,1
0.99366415,0.006335835,0,1
0.99975294,0.00024711035,0,1
0.9992747,0.00072531356,0,1
0.99999523,4.7497906e-06,0,1
0.99587005,0.0041299635,0,1
1.0,2.1576833e-08,0,1
0.9999571,4.2872474e-05,0,1
0.999796,0.0002040858,0,1
0.9857712,0.0142288795,0,1
0.9999999,1.4114804e-07,0,1
0.9978672,0.0021327517,0,1
1.0,3.7159744e-08,0,1
0.99999964,4.0781302e-07,0,1
0.99999976,2.502198e-07,0,1
0.99769044,0.0023096018,0,1
0.9999999,1.3458578e-07,0,1
0.9999994,5.5883106e-07,0,1
0.99999416,5.801538e-06,0,1
1.0,3.063886e-08,0,1
1.0,4.6259144e-10,0,1
0.99980325,0.00019681707,0,1
1.0,1.1257247e-08,0,1
0.9996331,0.00036692765,0,1
0.7444069,0.25559315,0,1
0.88246,0.11754003,0,1
1.0,5.3245647e-11,0,1
0.9104885,0.08951154,0,1
0.9257069,0.07429314,0,1
1.0,4.9609254e-09,0,1
0.99759406,0.0024058723,0,1
1.0,4.16661e-08,0,1
1.0,9.641363e-10,0,1
0.87302977,0.1269702,0,1
0.99999976,1.8805372e-07,0,1
0.9999964,3.5747469e-06,0,1
1.0,6.0311582e-09,0,1
0.9988506,0.0011494545,0,1
1.0,1.1355298e-09,0,1
1.0,8.3012025e-10,0,1
0.99988973,0.00011020784,0,1
1.0,2.0786365e-08,0,1
1.0,1.5263532e-09,0,1
0.6339168,0.36608323,0,1
0.99999547,4.531224e-06,0,1
0.99961555,0.00038440072,0,1
0.7102291,0.28977096,0,1
0.9867155,0.013284534,0,1
0.89305264,0.10694734,0,1
0.994412,0.005587996,0,1
1.0,2.9446827e-09,0,1
0.7152534,0.28474662,0,1
0.9998847,0.00011522933,0,1
0.99999845,1.5119812e-06,0,1
0.9939948,0.006005261,0,1
0.9999918,8.248027e-06,0,1
0.9999987,1.2983195e-06,0,1
0.99980336,0.00019670225,0,1
0.99896455,0.0010354538,0,1
0.9999994,6.497724e-07,0,1
0.8624523,0.13754766,0,1
0.9999999,1.3210808e-07,0,1
0.9999999,6.939547e-08,0,1
0.9999362,6.383212e-05,0,1
0.9935468,0.0064532063,0,1
0.9999999,8.430103e-08,0,1
1.0,2.0130978e-11,0,1
0.9896952,0.010304843,0,1
1.0,1.6629954e-09,0,1
0.9999999,6.2262906e-08,0,1
1.0,1.8818203e-09,0,1
1.0,1.20486865e-08,0,1
0.8495603,0.15043971,0,1
1.0,7.014595e-10,0,1
0.93704766,0.062952295,0,1
0.912055,0.08794495,0,1
0.99977964,0.00022033833,0,1
0.98861545,0.011384577,0,1
0.99999714,2.8203078e-06,0,1
1.0,1.002513e-08,0,1
0.868419,0.13158096,0,1
0.98382956,0.016170425,0,1
0.99999976,2.3410762e-07,0,1
0.8952054,0.104794644,0,1
1.0,5.5490386e-08,0,1
0.99999714,2.825533e-06,0,1
0.99999857,1.4714102e-06,0,1
3.5266092e-07,0.99999964,1,1
0.0005248795,0.9994752,1,1
0.52778685,0.47221318,0,1
1.4880266e-06,0.99999857,1,1
0.08831468,0.9116853,1,1
8.9279323e-10,1.0,1,1
6.889379e-08,0.9999999,1,1
2.4280134e-05,0.9999757,1,1
0.15274803,0.847252,1,1
1.17294645e-08,1.0,1,1
0.000309195,0.9996908,1,1
1.6898989e-06,0.99999833,1,1
1.6946922e-06,0.99999833,1,1
0.0011749257,0.998825,1,1
8.2847286e-08,0.9999999,1,1
0.005548606,0.99445134,1,1
0.023009859,0.9769901,1,1
0.01682919,0.9831708,1,1
0.013341219,0.98665875,1,1
1.2553151e-07,0.9999999,1,1
0.10221783,0.89778215,1,1
0.009135274,0.9908647,1,1
1.1926342e-05,0.9999881,1,1
2.2728209e-08,1.0,1,1
2.1317258e-06,0.99999785,1,1
9.666887e-05,0.9999033,1,1
8.9610374e-08,0.9999999,1,1
6.683932e-07,0.9999993,1,1
5.417296e-07,0.9999994,1,1
1.9274644e-09,1.0,1,1
2.574851e-05,0.99997425,1,1
0.00031860618,0.99968135,1,1
1.232158e-07,0.9999999,1,1
3.5002223e-08,1.0,1,1
2.0258756e-06,0.999998,1,1
1.5725876e-05,0.99998426,1,1
1.8057839e-06,0.9999982,1,1
9.794635e-09,1.0,1,1
0.00017876341,0.99982125,1,1
0.00035837447,0.99964166,1,1
0.00041307602,0.9995869,1,1
0.01861451,0.98138547,1,1
8.572593e-09,1.0,1,1
0.019870846,0.9801292,1,1
0.0042355955,0.9957644,1,1
0.104526296,0.8954737,1,1
0.048694238,0.9513057,1,1
3.7597414e-07,0.99999964,1,1
2.568547e-07,0.99999976,1,1
0.0026191827,0.9973808,1,1
6.7792183e-07,0.9999993,1,1
0.00453902,0.9954609,1,1
7.021783e-10,1.0,1,1
4.2100223e-06,0.9999958,1,1
0.12828866,0.8717113,1,1
0.0056818915,0.99431807,1,1
4.131182e-08,1.0,1,1
0.009281351,0.99071866,1,1
0.020547675,0.9794524,1,1
0.015064604,0.9849354,1,1
0.0013399421,0.9986601,1,1
3.903423e-09,1.0,1,1
0.050687857,0.94931215,1,1
0.00015083197,0.9998492,1,1
7.327927e-06,0.9999927,1,1
1.7112969e-06,0.99999833,1,1
8.526637e-06,0.9999914,1,1
0.10718718,0.89281285,1,1
0.002381024,0.997619,1,1
7.2242767e-07,0.9999993,1,1
0.0001574199,0.9998425,1,1
1.2100527e-06,0.9999988,1,1
0.004348939,0.99565107,1,1
5.008493e-06,0.999995,1,1
6.09656e-07,0.9999994,1,1
7.025393e-08,0.9999999,1,1
0.019578807,0.9804212,1,1
1.05078726e-07,0.9999999,1,1
0.030896364,0.9691037,1,1
0.0059677404,0.9940322,1,1
0.00048182422,0.99951816,1,1
0.02356392,0.9764361,1,1
0.0001285225,0.9998715,1,1
8.741393e-05,0.9999126,1,1
0.00011182677,0.9998882,1,1
3.6708996e-05,0.9999633,1,1
4.556818e-06,0.99999547,1,1
0.0014486242,0.9985513,1,1
0.22899328,0.77100664,1,1
0.006255338,0.9937447,1,1
0.0017980917,0.99820185,1,1
0.017795654,0.9822044,1,1
0.0003832423,0.99961674,1,1
0.00020903253,0.99979097,1,1
0.007273891,0.9927261,1,1
0.0022160618,0.99778396,1,1
1.9643535e-06,0.9999981,1,1
0.0018385096,0.9981615,1,1
0.0010488908,0.9989511,1,1
0.023953281,0.9760467,1,1
1.0715783e-06,0.9999989,1,1
0.0002009697,0.9997991,1,1
0.05781696,0.942183,1,1
1.0802701e-08,1.0,1,1
0.00018588267,0.9998141,1,1
6.7428664e-06,0.9999932,1,1
3.2030089e-06,0.9999968,1,1
0.061963063,0.9380369,1,1
0.00063949823,0.9993605,1,1
8.0155165e-05,0.9999199,1,1
0.009431438,0.9905686,1,1
1.5679488e-07,0.9999999,1,1
0.08260085,0.91739917,1,1
1.4498102e-06,0.99999857,1,1
0.19451578,0.8054843,1,1
4.1419995e-08,1.0,1,1
7.362195e-09,1.0,1,1
2.067005e-08,1.0,1,1
1.5623078e-05,0.9999844,1,1
0.031871367,0.9681286,1,1
0.031793077,0.96820694,1,1
0.0319953,0.9680047,1,1
0.0012492079,0.9987508,1,1
0.02234639,0.97765356,1,1
5.7943387e-05,0.99994206,1,1
0.00039710014,0.999603,1,1
3.8125243e-05,0.99996185,1,1
9.144923e-09,1.0,1,1
0.00030784463,0.9996922,1,1
3.762571e-10,1.0,1,1
2.6077618e-05,0.9999739,1,1
8.421892e-05,0.9999157,1,1
1.917863e-06,0.9999981,1,1
2.461966e-09,1.0,1,1
1.9355593e-08,1.0,1,1
0.000696529,0.99930346,1,1
6.954917e-06,0.9999931,1,1
1.3057638e-05,0.9999869,1,1
2.7417448e-06,0.99999726,1,1
0.011253927,0.9887461,1,1
3.4025245e-08,1.0,1,1
0.03985684,0.9601432,1,1
0.0029354459,0.99706453,1,1
3.1895845e-06,0.9999968,1,1
5.6326094e-06,0.9999944,1,1
1.1292128e-08,1.0,1,1
1.3180194e-05,0.99998677,1,1
9.882902e-06,0.9999901,1,1
0.014885597,0.98511446,1,1
3.180907e-07,0.99999964,1,1
0.21560718,0.7843929,1,1
0.00032443836,0.99967563,1,1
3.7590712e-07,0.99999964,1,1
0.01831691,0.98168314,1,1
9.631272e-06,0.99999034,1,1
0.013294925,0.986705,1,1
0.00016218878,0.99983776,1,1
0.5489596,0.45104042,0,1
7.188124e-05,0.9999281,1,1
0.012812104,0.98718786,1,1
5.1139935e-08,1.0,1,1
0.00011396829,0.99988604,1,1
0.0007999061,0.99920017,1,1
4.966947e-05,0.9999503,1,1
0.00040221718,0.99959785,1,1
0.00034113598,0.9996588,1,1
0.00010811614,0.9998919,1,1
6.080714e-08,0.9999999,1,1
8.6711654e-05,0.99991333,1,1
0.00031853997,0.9996815,1,1
0.0064622248,0.9935377,1,1
0.0017607001,0.9982393,1,1
5.2078803e-08,1.0,1,1
8.230208e-06,0.9999918,1,1
0.0004687173,0.99953127,1,1
1.3428975e-05,0.9999865,1,1
0.002784388,0.9972156,1,1
0.0019572787,0.9980427,1,1
1.7966582e-05,0.999982,1,1
0.0008104692,0.99918956,1,1
0.12223814,0.8777619,1,1
7.927297e-08,0.9999999,1,1
2.4144597e-07,0.99999976,1,1
0.000274366,0.99972564,1,1
5.1344294e-05,0.9999486,1,1
7.319246e-11,1.0,1,1
0.020172615,0.9798274,1,1
1.828498e-05,0.99998176,1,1
0.05464325,0.9453567,1,1
2.0277051e-09,1.0,1,1
0.00011204302,0.99988794,1,1
0.050399005,0.949601,1,1
4.2661586e-08,1.0,1,1
2.2859128e-06,0.99999774,1,1
0.049634945,0.95036507,1,1
0.0028384633,0.9971615,1,1
2.5120708e-06,0.9999975,1,1
0.03447146,0.9655285,1,1
2.0518043e-07,0.99999976,1,1
1.0098933e-06,0.99999905,1,1
1.0330319e-06,0.9999989,1,1
1.0836116e-07,0.9999999,1,1
0.10169426,0.8983057,1,1
0.043955356,0.9560446,1,1
7.8714065e-06,0.99999213,1,1
0.00064877846,0.9993512,1,1
3.3988505e-07,0.99999964,1,1
0.00036688882,0.9996331,1,1
0.14913248,0.85086757,1,1
0.8614945,0.13850555,0,0
1.0,3.5381195e-08,0,0
0.9999138,8.617017e-05,0,0
0.031459305,0.96854067,1,0
0.99975115,0.0002488856,0,0
0.115300834,0.88469917,1,0
1.0,6.371312e-10,0,0
0.062197052,0.937803,1,0
0.9999999,1.0964434e-07,0,0
1.0,2.3391875e-08,0,0
4.476845e-06,0.99999547,1,0
0.9953294,0.00467065,0,0
0.9999989,1.0971814e-06,0,0
0.99965405,0.0003458976,0,0
5.003491e-07,0.9999995,1,0
0.9999999,6.141382e-08,0,0
0.9999989,1.0276168e-06,0,0
0.6151656,0.38483438,0,0
0.16459507,0.8354049,1,0
0.9999999,1.5751083e-07,0,0
1.0,1.8072212e-09,0,0
0.049999807,0.95000017,1,0
0.99846435,0.0015356527,0,0
0.00014402691,0.999856,1,0
0.9999963,3.7076738e-06,0,0
0.7439998,0.25600022,0,0
0.9999975,2.4594667e-06,0,0
1.658777e-05,0.99998343,1,0
0.999998,2.005616e-06,0,0
0.9999938,6.202589e-06,0,0
0.46330234,0.5366977,1,0
1.0,2.5869344e-08,0,0
0.9400531,0.05994686,0,0
0.00048675603,0.99951327,1,0
0.99982053,0.00017955076,0,0
0.0015865036,0.99841344,1,0
0.9999999,1.3884687e-07,0,0
0.01164522,0.9883548,1,0
0.000117629905,0.99988234,1,0
1.0372262e-05,0.9999896,1,0
0.8684025,0.13159753,0,0
0.026954634,0.9730454,1,0
1.0,2.961227e-11,0,0
0.9999887,1.1290855e-05,0,0
1.0,1.653156e-10,0,0
0.9999838,1.6251852e-05,0,0
1.0,1.9763349e-11,0,0
0.99999976,2.017345e-07,0,0
0.9999988,1.1440717e-06,0,0
1.0,8.133721e-10,0,0
0.99998486,1.5108141e-05,0,0
0.92681867,0.07318132,0,0
0.99997425,2.5747306e-05,0,0
2.672485e-05,0.9999733,1,0
0.0133215375,0.9866785,1,0
0.9999969,3.0782305e-06,0,0
0.001977714,0.9980223,1,0
0.4191547,0.58084536,1,0
0.9999999,1.758914e-07,0,0
0.102333814,0.8976662,1,0
0.9998839,0.000116045085,0,0
1.0,1.0827635e-09,0,0
0.99999845,1.5887326e-06,0,0
0.99928963,0.0007103707,0,0
0.006976347,0.99302363,1,0
1.1666406e-09,1.0,1,0
1.0,1.9136335e-08,0,0
1.0070666e-08,1.0,1,0
0.99999976,1.8711773e-07,0,0
1.0,1.4205084e-08,0,0
0.001595629,0.99840444,1,0
1.0,8.496347e-09,0,0
0.80898154,0.19101842,0,0
8.7658256e-05,0.9999124,1,0
0.8972282,0.10277187,0,0
1.0,2.7927182e-08,0,0
1.0,1.017857e-09,0,0
0.9999684,3.1570842e-05,0,0
0.6748843,0.32511568,0,0
1.0,2.0944759e-08,0,0
1.0,2.4491562e-09,0,0
2.111856e-07,0.99999976,1,0
1.0,1.0182032e-08,0,0
5.2498006e-05,0.99994755,1,0
1.0,3.8021772e-10,0,0
0.9984388,0.0015612013,0,0
0.9993262,0.0006738344,0,0
0.99999046,9.5033365e-06,0,0
0.9999993,7.6001874e-07,0,0
0.99999905,9.301221e-07,0,0
1.0,4.420743e-10,0,0
5.23737e-05,0.99994767,1,0
0.09266516,0.9073348,1,0
0.9999982,1.757106e-06,0,0
0.7905265,0.20947352,0,0
0.9999999,8.927839e-08,0,0
0.9999999,9.596275e-08,0,0
0.99648523,0.0035147704,0,0
2.93453e-05,0.9999707,1,0
0.9980318,0.0019681782,0,0
1.0,2.3967251e-08,0,0
0.0004459915,0.999554,1,0
0.9711684,0.028831545,0,0
0.9973031,0.0026968752,0,0
1.0,1.3314213e-08,0,0
0.99997306,2.6958709e-05,0,0
0.9465634,0.05343658,0,0
0.99994826,5.1749834e-05,0,0
0.9999999,6.220332e-08,0,0
0.9878606,0.012139397,0,0
0.9999999,8.9369195e-08,0,0
0.99999833,1.6866209e-06,0,0
0.9992244,0.00077559357,0,0
1.0,2.9054563e-09,0,0
0.00024848038,0.9997515,1,0
0.004895744,0.9951042,1,0
0.9998865,0.00011346504,0,0
1.0,8.160476e-11,0,0
0.99832207,0.0016779533,0,0
0.99993,7.002426e-05,0,0
0.069797285,0.9302027,1,0
0.0046842853,0.9953157,1,0
0.037756544,0.9622434,1,0
2.3146714e-07,0.99999976,1,0
1.0,4.7398757e-08,0,0
0.99998474,1.5281346e-05,0,0
9.362361e-09,1.0,1,0
1.0,3.5283612e-08,0,0
0.99999976,2.2093131e-07,0,0
0.9913668,0.008633152,0,0
1.0,2.7215377e-09,0,0
6.5088074e-07,0.9999994,1,0
1.0,1.4385364e-08,0,0
0.99427444,0.0057255155,0,0
0.0002463066,0.99975365,1,0
1.1840184e-09,1.0,1,0
0.99434656,0.0056533962,0,0
0.00032109077,0.99967897,1,0
0.9999521,4.7896752e-05,0,0
0.0054007415,0.9945992,1,0
0.9903758,0.009624208,0,0
2.8182509e-05,0.99997187,1,0
7.875747e-06,0.99999213,1,0
1.0,2.8950803e-08,0,0
0.00046206263,0.99953794,1,0
0.99973375,0.00026624452,0,0
0.99895287,0.0010471042,0,0
0.9999993,6.565827e-07,0,0
0.99977547,0.00022450175,0,0
0.99772316,0.002276818,0,0
0.6488038,0.3511962,0,0
0.9999999,1.3190817e-07,0,0
1.1386777e-11,1.0,1,0
1.0,6.824311e-09,0,0
0.0067498256,0.99325025,1,0
0.94307756,0.056922413,0,0
0.041210353,0.95878965,1,0
0.16576067,0.83423936,1,0
0.99978644,0.00021361385,0,0
1.0,8.589353e-09,0,0
0.060253266,0.93974674,1,0
0.99999976,2.290927e-07,0,0
0.99999905,9.411489e-07,0,0
0.99986684,0.00013315615,0,0
0.99998105,1.8920347e-05,0,0
7.813115e-06,0.99999213,1,0
0.9999826,1.741611e-05,0,0
1.0,1.0501493e-09,0,0
0.0042299903,0.99577004,1,0
1.0,6.825782e-09,0,0
0.99999976,2.4370473e-07,0,0
0.9986166,0.0013833763,0,0
0.99998116,1.8877312e-05,0,0
0.822001,0.17799899,0,0
0.99999166,8.37158e-06,0,0
0.99999964,3.101528e-07,0,0
1.0031169e-09,1.0,1,0
1.0,3.2836994e-11,0,0
0.020652093,0.9793479,1,0
7.868199e-09,1.0,1,0
0.010483121,0.9895169,1,0
1.0,1.8796474e-08,0,0
1.0,4.2477397e-10,0,0
0.20132577,0.7986742,1,0
2.7695744e-08,1.0,1,0
0.81533813,0.18466191,0,0
1.0,4.504628e-09,0,0
0.0009612569,0.9990388,1,0
1.0,4.009291e-08,0,0
0.9999999,1.2883052e-07,0,0
0.9999875,1.24931985e-05,0,0
1.2206377e-07,0.9999999,1,0
0.006228947,0.993771,1,0
0.9999577,4.2283405e-05,0,0
0.0001518909,0.9998481,1,0
0.9997365,0.0002634613,0,0
0.711237,0.28876305,0,0
0.99993694,6.3067026e-05,0,0
0.9999999,6.2360606e-08,0,0
0.99998784,1.2113378e-05,0,0
0.11080133,0.8891987,1,0
0.004990153,0.9950099,1,0
0.9999881,1.1897544e-05,0,0
0.88360757,0.116392404,0,0
0.9999999,1.7120547e-07,0,0
0.9993278,0.0006722988,0,0
1.0,9.736238e-10,0,0
0.0001416752,0.99985826,1,0
0.5400986,0.4599014,0,0
1.0,1.1700082e-08,0,0
1.7266677e-05,0.9999827,1,0
1.0,8.908014e-10,0,0
1.0,4.8841292e-11,0,0
1.0,2.4276426e-08,0,0
0.68821,0.31179005,0,0
0.9999505,4.9493254e-05,0,0
0.9999924,7.66072e-06,0,0
0.0010335614,0.99896646,1,0
1.0,7.389734e-11,0,0
0.99995875,4.126533e-05,0,0
0.69604284,0.30395713,0,0
0.98635304,0.013646973,0,0
0.20936662,0.79063344,1,0
0.24270609,0.7572939,1,0
0.9999999,1.5024413e-07,0,0
0.9999999,8.2297944e-08,0,0
0.99999964,3.49338e-07,0,0
1.0,3.73385e-08,0,0
0.9999999,7.409122e-08,0,0
0.70674616,0.2932538,0,0
1.0,3.2613652e-08,0,0
0.99999964,3.3378217e-07,0,0
0.9776973,0.02230267,0,0
3.7633217e-07,0.99999964,1,0
0.99999857,1.4872646e-06,0,0
0.99962187,0.00037810265,0,0
0.99993014,6.98951e-05,0,0
0.9999951,4.9183327e-06,0,0
0.9906365,0.009363463,0,0
0.00085313787,0.9991468,1,0
9.200527e-08,0.9999999,1,0
0.0024819982,0.99751806,1,0
0.39798287,0.60201716,1,0
0.00041549298,0.9995845,1,0
0.99887365,0.0011263782,0,0
0.0034448416,0.9965552,1,0
0.9999976,2.3659095e-06,0,0
0.96680975,0.03319025,0,0
1.0,5.513209e-09,0,0
0.99984396,0.00015599618,0,0
0.97567534,0.024324669,0,0
0.99978405,0.00021599844,0,0
0.99997485,2.5162184e-05,0,0
0.9995437,0.00045626328,0,0
1.0,1.833897e-08,0,0
0.24407762,0.7559224,1,0
0.37763575,0.6223643,1,0
0.99999595,4.055158e-06,0,0
0.93067837,0.06932163,0,0
0.9999987,1.3554376e-06,0,0
0.999925,7.496866e-05,0,0
1.0,2.1438014e-08,0,0
0.99999964,3.8792808e-07,0,0
0.99898356,0.0010164542,0,0
0.9863629,0.013637124,0,0
1.5360559e-08,1.0,1,0
6.729401e-07,0.9999993,1,0
0.00013011877,0.9998698,1,0
0.9999403,5.970984e-05,0,0
1.0,3.1709673e-09,0,0
0.9979406,0.0020593973,0,0
1.0,5.1831905e-10,0,0
0.0019069405,0.99809307,1,0
0.010459656,0.9895404,1,0
0.9958054,0.0041945665,0,0
0.9999374,6.256499e-05,0,0
1.0,6.1549876e-11,0,0
0.99999976,2.4194844e-07,0,0
0.9999889,1.1135257e-05,0,0
1.0,2.022262e-10,0,0
1.0,9.968889e-11,0,0
0.9801222,0.019877868,0,0
0.9709886,0.029011428,0,0
0.9997502,0.000249788,0,0
0.99999154,8.427926e-06,0,0
0.9999999,6.585073e-08,0,0
1.0,1.7434559e-09,0,0
0.9999776,2.2419761e-05,0,0
0.029331543,0.97066844,1,0
0.9894521,0.010547881,0,0
0.005792385,0.9942076,1,0
0.57866174,0.42133832,0,0
0.99999976,2.0999084e-07,0,0
0.9963791,0.0036208923,0,0
0.99999607,3.9764673e-06,0,0
1.0,5.2577014e-09,0,0
0.99999774,2.218124e-06,0,0
0.99999857,1.4868193e-06,0,0
1.0,4.1773064e-11,0,0
0.8082347,0.19176531,0,0
0.99991894,8.108215e-05,0,0
0.9999999,1.334077e-07,0,0
