0,1,class_label,target_label
1.0,1.5055996e-11,0,1
1.0,1.8015029e-11,0,1
0.6809652,0.31903479,0,1
1.0,2.2675274e-10,0,1
0.99899477,0.0010052915,0,1
0.99707127,0.0029287266,0,1
0.9999999,1.5379446e-07,0,1
1.0,2.0404094e-14,0,1
0.99754363,0.0024563512,0,1
0.99841416,0.0015858687,0,1
1.0,3.2929158e-13,0,1
0.99999774,2.208263e-06,0,1
0.9849252,0.015074802,0,1
1.0,9.490967e-13,0,1
0.9977925,0.002207545,0,1
0.8267297,0.17327036,0,1
1.0,2.5188946e-12,0,1
1.0,9.633164e-10,0,1
0.99999654,3.4667203e-06,0,1
1.0,1.4181382e-10,0,1
0.9972753,0.0027246962,0,1
0.99999106,8.9140285e-06,0,1
0.9999609,3.907442e-05,0,1
0.9999945,5.4967654e-06,0,1
1.0,5.5471443e-08,0,1
1.0,8.589239e-09,0,1
0.98443604,0.015563908,0,1
1.0,1.8097047e-09,0,1
1.0,3.4066669e-12,0,1
1.0,1.389498e-09,0,1
0.9966371,0.0033628754,0,1
0.999995,5.034905e-06,0,1
0.9994898,0.000510203,0,1
0.99997807,2.1900607e-05,0,1
1.0,4.9414123e-10,0,1
1.0,1.5538155e-12,0,1
1.0,2.0595992e-11,0,1
1.0,5.321435e-12,0,1
0.9996892,0.00031083598,0,1
1.0,1.1649443e-12,0,1
1.0,6.5586737e-12,0,1
0.9999981,1.911104e-06,0,1
1.0,4.6008278e-10,0,1
0.9999999,1.06474836e-07,0,1
1.0,1.0444303e-09,0,1
0.8399896,0.16001047,0,1
1.0,3.4408007e-08,0,1
0.99814546,0.0018544984,0,1
0.99999976,2.9576938e-07,0,1
0.999998,2.0800699e-06,0,1
0.9599655,0.040034514,0,1
0.9998287,0.0001712236,0,1
0.9999963,3.659233e-06,0,1
1.0,2.2906434e-11,0,1
1.0,2.654227e-13,0,1
1.0,8.977217e-09,0,1
0.93458676,0.06541316,0,1
0.9822562,0.017743835,0,1
0.9999987,1.3455206e-06,0,1
0.9945904,0.00540958,0,1
1.0,4.9930057e-11,0,1
1.0,2.3728801e-09,0,1
1.0,6.104382e-09,0,1
1.0,5.887105e-11,0,1
0.93906736,0.060932603,0,1
1.0,5.740016e-10,0,1
1.0,1.1250035e-08,0,1
1.0,1.2331201e-10,0,1
0.88059556,0.11940446,0,1
0.99987555,0.00012444684,0,1
0.9999851,1.4912946e-05,0,1
1.0,2.8482927e-09,0,1
0.9966897,0.0033102506,0,1
0.9999962,3.7866103e-06,0,1
0.99986994,0.00013007288,0,1
1.0,1.0900231e-11,0,1
0.9999999,1.1588174e-07,0,1
1.0,6.8933043e-13,0,1
0.9999999,1.6605517e-07,0,1
0.9999982,1.7415244e-06,0,1
0.9999994,6.451784e-07,0,1
0.9761668,0.023833254,0,1
0.99999976,2.0448071e-07,0,1
0.88342285,0.11657718,0,1
1.0,5.224886e-11,0,1
0.94181734,0.058182698,0,1
0.9095294,0.09047058,0,1
0.9933314,0.006668644,0,1
1.0,1.6259601e-09,0,1
0.8737518,0.12624823,0,1
0.99994755,5.240107e-05,0,1
0.93455577,0.06544427,0,1
1.0,7.376272e-11,0,1
1.0,1.1633596e-11,0,1
0.9999999,1.3139966e-07,0,1
0.99999964,3.2792738e-07,0,1
1.0,2.7153841e-12,0,1
0.98152,0.018479927,0,1
1.0,3.3321165e-11,0,1
0.99998796,1.1986557e-05,0,1
0.9745054,0.025494559,0,1
0.9877066,0.012293426,0,1
0.9999999,7.56265e-08,0,1
0.99876523,0.0012348103,0,1
0.9958127,0.004187275,0,1
1.0,1.3050455e-10,0,1
0.99996495,3.500068e-05,0,1
0.91204304,0.08795699,0,1
1.0,4.452675e-12,0,1
1.0,9.929385e-10,0,1
0.99999964,3.38798e-07,0,1
0.9999999,1.0020507e-07,0,1
0.9998747,0.00012529355,0,1
0.9999993,6.9142055e-07,0,1
0.6936949,0.30630508,0,1
0.9298585,0.070141524,0,1
1.0,2.700513e-09,0,1
0.98173875,0.018261245,0,1
0.9812277,0.018772243,0,1
1.0,5.668648e-12,0,1
0.99999714,2.8935183e-06,0,1
0.9351616,0.064838395,0,1
0.99999905,9.20867e-07,0,1
0.99993956,6.0400213e-05,0,1
0.9998684,0.00013155461,0,1
0.9860281,0.013971981,0,1
0.98457515,0.015424864,0,1
0.99999964,4.0243617e-07,0,1
0.9998234,0.00017665316,0,1
0.9999877,1.2262911e-05,0,1
0.99999285,7.1041923e-06,0,1
0.9993248,0.0006752709,0,1
0.99999833,1.7243635e-06,0,1
1.0,8.456948e-12,0,1
1.0,6.006441e-13,0,1
1.0,3.665421e-10,0,1
1.0,8.1548435e-11,0,1
0.99561584,0.0043841386,0,1
1.0,2.787269e-08,0,1
0.99916756,0.00083246053,0,1
0.99917465,0.00082529604,0,1
0.44540426,0.55459577,1,1
0.8185679,0.18143211,0,1
1.0,1.7320564e-10,0,1
0.99999964,3.7694062e-07,0,1
0.9022608,0.09773924,0,1
1.0,2.1600034e-10,0,1
0.8864499,0.11355011,0,1
0.9785855,0.021414487,0,1
1.0,1.7272612e-12,0,1
0.99998343,1.6613703e-05,0,1
0.9722706,0.02772939,0,1
1.0,2.0846624e-09,0,1
0.98394233,0.016057746,0,1
0.89141405,0.108586,0,1
0.93868047,0.061319552,0,1
1.0,5.6668757e-08,0,1
0.025176954,0.97482306,1,1
0.99999654,3.420227e-06,0,1
1.0,8.058914e-11,0,1
1.0,5.95614e-10,0,1
0.9968635,0.0031364919,0,1
0.9291846,0.070815355,0,1
0.99993813,6.184132e-05,0,1
0.9819847,0.018015316,0,1
1.0,3.1352668e-10,0,1
1.0,1.7193335e-08,0,1
0.9545559,0.045444023,0,1
0.9999994,6.4913075e-07,0,1
0.7618666,0.23813339,0,1
1.0,1.3268163e-10,0,1
0.96915495,0.030845089,0,1
0.9831092,0.016890857,0,1
1.0,6.261026e-09,0,1
1.0,2.2394454e-12,0,1
0.9999999,7.301632e-08,0,1
0.9890704,0.010929567,0,1
1.0,7.337874e-12,0,1
0.99999917,8.16082e-07,0,1
1.0,1.0779864e-10,0,1
1.0,1.4758974e-09,0,1
0.9988967,0.0011032157,0,1
0.96723616,0.03276383,0,1
0.87314904,0.12685096,0,1
0.98893356,0.01106645,0,1
1.0,1.6990091e-10,0,1
0.99924004,0.00075992616,0,1
0.99999166,8.376061e-06,0,1
0.99997485,2.5110237e-05,0,1
0.9994905,0.00050949684,0,1
1.0,1.3911707e-10,0,1
1.0,4.003525e-10,0,1
0.9997999,0.00020016344,0,1
0.99491334,0.0050865863,0,1
1.0,1.1410297e-08,0,1
0.9999964,3.6280849e-06,0,1
0.99850756,0.0014924393,0,1
1.0,1.1492942e-09,0,1
1.0,3.080996e-09,0,1
1.0,1.4593356e-11,0,1
1.0,7.5158074e-10,0,1
1.0,1.356535e-11,0,1
0.9998554,0.00014452338,0,1
1.0,3.415737e-08,0,1
0.90645653,0.09354348,0,1
1.0,3.1214918e-12,0,1
0.9999865,1.3467092e-05,0,1
0.9994941,0.0005059109,0,1
0.9999602,3.9789247e-05,0,1
0.99968696,0.00031312203,0,1
1.0,1.3564795e-09,0,1
1.0,4.4513257e-08,0,1
1.0,3.5828243e-08,0,1
0.97536725,0.024632692,0,1
1.0,2.620533e-10,0,1
0.9999894,1.0620752e-05,0,1
1.0,4.585505e-10,0,1
0.9969554,0.0030445666,0,1
1.0,4.156038e-08,0,1
0.76476306,0.23523696,0,1
1.0,2.8322097e-12,0,1
0.999879,0.000120980854,0,1
1.0,5.623869e-12,0,1
1.0,5.7435033e-12,0,1
0.8188253,0.18117476,0,1
1.0,1.6257747e-12,0,1
1.9591859e-08,1.0,1,1
1.4726644e-08,1.0,1,1
1.1348736e-09,1.0,1,1
5.5329426e-08,1.0,1,1
0.00015045518,0.99984956,1,1
4.079234e-06,0.99999595,1,1
1.0062449e-06,0.99999905,1,1
9.1197364e-07,0.99999905,1,1
0.019639088,0.9803609,1,1
2.4504374e-05,0.99997544,1,1
3.2720487e-05,0.99996734,1,1
0.025146842,0.9748532,1,1
1.8653277e-06,0.9999981,1,1
0.09804008,0.90195996,1,1
0.035808217,0.96419173,1,1
1.7478158e-11,1.0,1,1
2.3606978e-07,0.99999976,1,1
0.055817313,0.9441827,1,1
6.3572e-07,0.9999994,1,1
0.33513507,0.66486484,1,1
1.1666883e-07,0.9999999,1,1
6.3097133e-07,0.9999994,1,1
5.9117316e-05,0.9999409,1,1
4.0563948e-09,1.0,1,1
1.6321543e-05,0.99998367,1,1
4.6119886e-09,1.0,1,1
2.0612784e-10,1.0,1,1
0.15516794,0.84483206,1,1
1.1622718e-09,1.0,1,1
1.6465155e-07,0.9999999,1,1
0.000582024,0.999418,1,1
0.0220412,0.9779588,1,1
0.017757654,0.98224235,1,1
1.3590916e-14,1.0,1,1
0.00017060075,0.9998294,1,1
0.00020015333,0.9997999,1,1
0.027787881,0.97221214,1,1
5.3786556e-07,0.9999994,1,1
3.9846136e-06,0.99999607,1,1
0.016103245,0.98389673,1,1
8.8774786e-11,1.0,1,1
1.872459e-07,0.99999976,1,1
0.0039687906,0.9960312,1,1
2.6737052e-07,0.99999976,1,1
1.0255164e-11,1.0,1,1
4.8482893e-09,1.0,1,1
1.6347634e-06,0.99999833,1,1
0.24575974,0.7542403,1,1
0.005159589,0.99484044,1,1
6.4642096e-09,1.0,1,1
0.028152721,0.9718473,1,1
0.02495437,0.9750456,1,1
0.0002557593,0.99974424,1,1
0.0034182535,0.99658173,1,1
2.5148058e-06,0.9999975,1,1
0.04366747,0.95633256,1,1
0.00038903623,0.99961096,1,1
6.4566984e-11,1.0,1,1
2.8428228e-12,1.0,1,1
6.831148e-09,1.0,1,1
0.03005002,0.96995,1,1
0.00064012787,0.9993599,1,1
6.2140745e-05,0.9999379,1,1
1.3054785e-06,0.9999987,1,1
5.1777903e-08,1.0,1,1
0.008347237,0.9916528,1,1
0.008010334,0.9919897,1,1
0.006779399,0.99322057,1,1
5.553673e-05,0.99994445,1,1
2.4182257e-06,0.9999976,1,1
6.782032e-10,1.0,1,1
0.1640631,0.83593696,1,1
0.016671339,0.9833287,1,1
4.5886112e-10,1.0,1,1
4.1629764e-07,0.99999964,1,1
2.7411596e-11,1.0,1,1
2.0750639e-07,0.99999976,1,1
4.1020107e-09,1.0,1,1
6.691769e-05,0.9999331,1,1
3.5772052e-07,0.99999964,1,1
1.1770005e-06,0.9999988,1,1
0.0015906111,0.99840945,1,1
0.00598388,0.99401605,1,1
0.055308785,0.94469124,1,1
3.4734285e-06,0.99999654,1,1
0.003958354,0.99604166,1,1
0.012853616,0.9871464,1,1
0.005392866,0.99460715,1,1
2.3348168e-10,1.0,1,1
5.3554675e-05,0.9999465,1,1
0.016535325,0.9834646,1,1
2.427311e-14,1.0,1,1
1.829388e-14,1.0,1,1
0.275888,0.7241121,1,1
0.008453122,0.9915469,1,1
9.294702e-06,0.9999907,1,1
0.02324277,0.9767572,1,1
2.9313355e-12,1.0,1,1
0.00078749453,0.9992125,1,1
2.7664447e-07,0.99999976,1,1
1.6432022e-11,1.0,1,1
0.0017744261,0.9982256,1,1
0.023319319,0.9766807,1,1
0.009056677,0.9909434,1,1
9.345875e-05,0.99990654,1,1
1.2521079e-08,1.0,1,1
0.00028928276,0.99971074,1,1
4.3180034e-08,1.0,1,1
0.00037976488,0.9996202,1,1
0.0007442403,0.9992557,1,1
0.011718859,0.9882811,1,1
6.543979e-07,0.9999994,1,1
3.5924154e-06,0.9999964,1,1
8.902678e-07,0.99999917,1,1
0.0038632,0.9961367,1,1
0.0039550317,0.99604493,1,1
2.3308128e-05,0.99997663,1,1
6.557275e-06,0.99999344,1,1
0.061111946,0.9388881,1,1
0.00021737606,0.9997826,1,1
5.6553613e-06,0.9999944,1,1
0.007485596,0.99251443,1,1
0.012448447,0.9875516,1,1
0.0009451786,0.99905485,1,1
0.0009130851,0.99908686,1,1
0.008739277,0.9912607,1,1
4.9610316e-12,1.0,1,1
4.313539e-05,0.99995685,1,1
0.0012354244,0.99876463,1,1
0.000103667604,0.9998963,1,1
2.0037893e-05,0.99998,1,1
5.6306203e-07,0.9999994,1,1
8.35023e-07,0.99999917,1,1
9.9042744e-08,0.9999999,1,1
2.6345901e-14,1.0,1,1
7.732976e-08,0.9999999,1,1
0.00026941852,0.9997305,1,1
0.00045066082,0.9995493,1,1
2.0756017e-08,1.0,1,1
0.0001590682,0.99984086,1,1
0.044130925,0.95586914,1,1
1.766067e-05,0.99998236,1,1
0.0031768405,0.9968232,1,1
4.984992e-07,0.9999995,1,1
6.241517e-10,1.0,1,1
0.005980384,0.9940196,1,1
6.822435e-05,0.9999318,1,1
1.598321e-12,1.0,1,1
0.00056687003,0.9994331,1,1
3.0753466e-10,1.0,1,1
1.0515013e-05,0.9999895,1,1
0.00018073543,0.99981934,1,1
1.1084087e-13,1.0,1,1
0.11298174,0.88701826,1,1
4.639351e-06,0.99999535,1,1
0.021905243,0.97809476,1,1
3.5805495e-08,1.0,1,1
0.07621601,0.92378396,1,1
1.12555554e-07,0.9999999,1,1
0.001149305,0.9988507,1,1
0.0009678413,0.99903214,1,1
2.3195573e-05,0.99997675,1,1
1.218289e-05,0.99998784,1,1
2.8554144e-08,1.0,1,1
9.2308925e-05,0.99990773,1,1
0.17194052,0.8280595,1,1
4.5542095e-07,0.9999995,1,1
7.924153e-08,0.9999999,1,1
0.00042151203,0.99957854,1,1
1.2532677e-06,0.9999987,1,1
0.00037602655,0.9996239,1,1
1.3496511e-06,0.9999987,1,1
0.00030038116,0.9996996,1,1
0.043497656,0.9565024,1,1
0.010707801,0.98929214,1,1
5.2955363e-07,0.9999995,1,1
1.7959939e-10,1.0,1,1
2.1378184e-09,1.0,1,1
0.0051281666,0.9948718,1,1
3.632457e-07,0.99999964,1,1
8.887172e-06,0.99999106,1,1
1.3201181e-08,1.0,1,1
1.6160928e-05,0.9999838,1,1
0.0055751274,0.9944248,1,1
5.687775e-05,0.99994314,1,1
1.086828e-05,0.99998915,1,1
1.9499632e-07,0.99999976,1,1
0.0011352765,0.99886477,1,1
6.547802e-06,0.99999344,1,1
0.08639419,0.9136058,1,1
2.1209836e-09,1.0,1,1
0.00944445,0.9905556,1,1
6.304658e-09,1.0,1,1
0.02483536,0.97516465,1,1
0.0077641285,0.99223584,1,1
0.016951967,0.98304796,1,1
5.0080547e-07,0.9999995,1,1
0.011426065,0.9885739,1,1
6.695422e-08,0.9999999,1,1
0.008587532,0.9914125,1,1
7.700037e-08,0.9999999,1,1
0.0018745663,0.9981254,1,1
6.242375e-05,0.99993753,1,1
3.9405435e-07,0.99999964,1,1
6.5750905e-06,0.99999344,1,1
0.0020606725,0.9979393,1,1
0.05849949,0.94150054,1,1
0.020112347,0.9798877,1,1
6.990723e-05,0.99993014,1,1
0.03157673,0.96842325,1,1
3.1454492e-10,1.0,1,1
0.013509596,0.98649037,1,1
0.00022573058,0.9997743,1,1
3.3069668e-08,1.0,1,1
0.0033296153,0.9966704,1,1
4.90416e-08,1.0,1,1
3.1118426e-09,1.0,1,1
0.026277533,0.9737224,1,1
0.048803076,0.95119697,1,1
6.885152e-11,1.0,1,1
3.726393e-12,1.0,1,1
5.114245e-09,1.0,1,1
0.003529258,0.9964708,1,1
0.00031287345,0.9996872,1,1
0.00046278,0.9995372,1,1
1.697268e-05,0.9999831,1,1
4.626851e-05,0.99995375,1,0
1.0,5.218873e-10,0,0
0.99992037,7.965022e-05,0,0
1.0,1.9186925e-11,0,0
1.0,9.151051e-12,0,0
3.475701e-07,0.99999964,1,0
1.0,6.663207e-11,0,0
1.0,2.6569118e-09,0,0
0.8782708,0.12172915,0,0
0.9998572,0.00014279602,0,0
1.0,1.120487e-12,0,0
0.0012524191,0.9987476,1,0
1.0,2.9158198e-10,0,0
0.0014297167,0.9985702,1,0
0.011807072,0.988193,1,0
0.99994326,5.673268e-05,0,0
1.0,3.617187e-10,0,0
1.0,2.617845e-10,0,0
1.5109252e-14,1.0,1,0
0.86602765,0.13397233,0,0
0.07196233,0.9280377,1,0
0.0016950446,0.99830496,1,0
9.288374e-05,0.99990714,1,0
2.9211417e-10,1.0,1,0
0.9999664,3.363013e-05,0,0
1.0,5.6070967e-08,0,0
0.9963413,0.0036586293,0,0
1.4537949e-06,0.99999857,1,0
0.008195093,0.99180496,1,0
0.020822085,0.9791779,1,0
0.9850396,0.014960374,0,0
1.0,5.715445e-14,0,0
1.0,5.38156e-10,0,0
1.0,2.5345165e-10,0,0
1.0,3.268565e-11,0,0
1.0,1.4396624e-11,0,0
1.0,2.3813043e-09,0,0
0.99942553,0.0005744899,0,0
0.6503926,0.34960744,0,0
1.0,3.001315e-11,0,0
0.9533341,0.04666585,0,0
0.18968692,0.81031305,1,0
1.0,3.723967e-10,0,0
0.7689698,0.23103021,0,0
1.0,2.4710524e-11,0,0
0.01266684,0.9873332,1,0
0.9997427,0.00025734334,0,0
0.9999813,1.8768565e-05,0,0
1.0,3.0124087e-10,0,0
0.0079030255,0.992097,1,0
0.06084881,0.93915117,1,0
1.0,1.557555e-11,0,0
1.0,3.0659522e-10,0,0
0.0031522035,0.9968478,1,0
0.99999905,9.658273e-07,0,0
0.9994259,0.0005741653,0,0
0.9999999,1.0569079e-07,0,0
1.0,4.3794984e-08,0,0
1.0,5.5382323e-08,0,0
1.4600861e-05,0.99998546,1,0
1.0,8.635572e-14,0,0
0.9864581,0.013541904,0,0
1.0,1.3068832e-11,0,0
0.00014540945,0.99985456,1,0
1.0,1.7319777e-13,0,0
0.016111685,0.98388827,1,0
0.00083534064,0.9991647,1,0
0.9985285,0.0014714389,0,0
0.68828577,0.31171423,0,0
0.99986625,0.00013372008,0,0
2.4888355e-05,0.9999751,1,0
0.00039036342,0.99960965,1,0
7.5645053e-06,0.9999925,1,0
0.99984264,0.00015736633,0,0
0.99995065,4.933271e-05,0,0
0.99927825,0.00072171097,0,0
0.16330795,0.8366921,1,0
0.54936284,0.45063716,0,0
0.9565961,0.043403894,0,0
1.0,2.2698586e-11,0,0
0.9999994,6.3007536e-07,0,0
1.0,6.1720546e-12,0,0
0.9013551,0.0986449,0,0
9.566596e-08,0.9999999,1,0
0.999985,1.5030094e-05,0,0
1.0,1.5876701e-10,0,0
1.0,4.344596e-08,0,0
0.99998045,1.955298e-05,0,0
0.9999964,3.5395951e-06,0,0
0.99955934,0.0004406966,0,0
1.0,1.5435628e-08,0,0
0.9599363,0.040063642,0,0
1.0,3.707949e-10,0,0
1.3324331e-05,0.99998665,1,0
1.0,1.5788062e-11,0,0
0.38989267,0.61010736,1,0
0.99964845,0.0003515886,0,0
7.740879e-06,0.99999225,1,0
2.0872592e-06,0.99999785,1,0
0.9999976,2.3444863e-06,0,0
1.0,1.2053064e-10,0,0
0.011988409,0.9880116,1,0
1.0,3.3292484e-09,0,0
0.9999999,1.5410865e-07,0,0
0.062554084,0.9374459,1,0
0.89491546,0.105084576,0,0
1.0,1.4236689e-11,0,0
0.010269481,0.9897306,1,0
0.0003897813,0.99961025,1,0
0.7218716,0.27812836,0,0
0.9999989,1.1321381e-06,0,0
0.9999999,8.5627434e-08,0,0
0.4196062,0.5803938,1,0
0.99999976,2.8951752e-07,0,0
0.9999988,1.1620506e-06,0,0
1.0,4.475249e-11,0,0
2.993685e-07,0.99999964,1,0
1.0,3.388257e-08,0,0
0.9999907,9.271144e-06,0,0
0.8550611,0.14493889,0,0
2.4289073e-05,0.9999757,1,0
0.99980277,0.00019727061,0,0
0.9999857,1.42481695e-05,0,0
5.1520493e-07,0.9999995,1,0
0.58799326,0.41200677,0,0
0.17498617,0.8250139,1,0
1.0,2.9386582e-08,0,0
0.008838524,0.99116147,1,0
0.9999497,5.0301725e-05,0,0
0.9999883,1.1704528e-05,0,0
1.0,8.214719e-13,0,0
1.0,1.3078207e-11,0,0
0.0024009577,0.99759907,1,0
0.99994063,5.9418337e-05,0,0
0.99999595,4.0802142e-06,0,0
0.5225766,0.47742337,0,0
1.0,1.3389383e-09,0,0
1.0,3.8692676e-08,0,0
1.3403818e-13,1.0,1,0
0.9999994,5.4356104e-07,0,0
1.0,3.229832e-11,0,0
1.0,1.3287973e-09,0,0
1.5854497e-06,0.99999845,1,0
0.9999956,4.3883006e-06,0,0
0.054187637,0.9458124,1,0
0.9999989,1.0304058e-06,0,0
0.84706086,0.15293916,0,0
0.80773824,0.1922618,0,0
1.0,1.0078385e-09,0,0
1.0,1.2141528e-10,0,0
0.12700666,0.87299335,1,0
1.0,2.7774668e-12,0,0
1.0,1.0345719e-10,0,0
0.017596846,0.98240316,1,0
0.05823847,0.94176155,1,0
0.9987413,0.0012586495,0,0
1.0,1.781003e-12,0,0
1.0,2.8321678e-11,0,0
0.9999455,5.4454096e-05,0,0
1.0,1.4560015e-08,0,0
0.9971136,0.002886376,0,0
1.0,1.983535e-09,0,0
0.99999976,2.6967012e-07,0,0
1.0,1.5033093e-08,0,0
0.810685,0.18931507,0,0
1.7797249e-06,0.9999982,1,0
0.9999999,9.481491e-08,0,0
0.92614007,0.07385993,0,0
1.0,1.6487713e-08,0,0
1.0,3.224768e-10,0,0
0.999951,4.899776e-05,0,0
1.0,2.2729736e-11,0,0
0.000101295554,0.9998987,1,0
0.99489176,0.005108225,0,0
1.0,2.2724558e-09,0,0
1.0624379e-05,0.9999894,1,0
1.7267434e-05,0.9999827,1,0
1.0,9.495618e-10,0,0
1.0,1.3864872e-10,0,0
0.9986755,0.0013244206,0,0
1.0,3.5491075e-09,0,0
1.0,4.987185e-13,0,0
0.99999976,2.0899829e-07,0,0
0.09040102,0.90959895,1,0
0.00678148,0.9932185,1,0
1.0,6.62881e-09,0,0
0.9999931,6.9660823e-06,0,0
0.99980396,0.00019601811,0,0
0.50214994,0.49785,0,0
0.99999857,1.4660945e-06,0,0
1.0,5.0163237e-08,0,0
1.0,5.2279045e-08,0,0
1.0,2.0881496e-08,0,0
0.99999356,6.4594888e-06,0,0
1.0,3.010308e-09,0,0
0.99999976,2.2730188e-07,0,0
0.99793494,0.0020651028,0,0
0.9999982,1.7764827e-06,0,0
0.9999994,5.4484866e-07,0,0
2.6366954e-06,0.9999974,1,0
0.99999356,6.397953e-06,0,0
2.6658315e-12,1.0,1,0
3.083932e-07,0.99999964,1,0
1.0,1.5082289e-12,0,0
8.762157e-05,0.9999124,1,0
0.0034302038,0.99656975,1,0
0.0004523536,0.99954766,1,0
1.0,8.306401e-13,0,0
2.2506047e-05,0.99997747,1,0
0.9999999,1.6731559e-07,0,0
1.0,4.837618e-10,0,0
0.99999976,2.80149e-07,0,0
0.9863202,0.013679838,0,0
1.0,2.5395613e-08,0,0
0.9285707,0.07142936,0,0
1.0,2.7447105e-12,0,0
0.954469,0.04553091,0,0
0.9998728,0.0001272341,0,0
1.0,2.8063665e-08,0,0
0.00082553667,0.9991744,1,0
0.19883181,0.80116826,1,0
0.87615955,0.123840466,0,0
1.0,1.3537856e-10,0,0
1.0,2.7725906e-13,0,0
0.00014853508,0.99985147,1,0
0.0014925032,0.99850744,1,0
0.009414346,0.9905856,1,0
2.5058376e-05,0.99997497,1,0
0.9727861,0.027213903,0,0
1.0,1.1790475e-08,0,0
0.97722036,0.022779595,0,0
0.7113933,0.28860673,0,0
0.99998355,1.649135e-05,0,0
1.0,3.5402838e-13,0,0
0.9990988,0.0009012308,0,0
0.99611676,0.0038832703,0,0
0.00011432476,0.9998857,1,0
3.3019195e-11,1.0,1,0
0.9999995,4.2144666e-07,0,0
0.99999726,2.7076246e-06,0,0
1.0,1.5778037e-11,0,0
1.0,2.515275e-08,0,0
0.941262,0.058738,0,0
0.0054209083,0.9945791,1,0
7.628886e-07,0.9999993,1,0
0.0027452842,0.99725467,1,0
0.039095037,0.96090496,1,0
0.980588,0.019412022,0,0
1.5871924e-06,0.99999845,1,0
1.0,1.18030306e-08,0,0
0.9999869,1.3144196e-05,0,0
0.047287937,0.95271206,1,0
0.0001964215,0.9998036,1,0
4.049938e-05,0.99995947,1,0
1.0,4.9327724e-08,0,0
1.0,1.3586643e-10,0,0
0.99999976,1.8447308e-07,0,0
0.99999535,4.662744e-06,0,0
0.24258433,0.75741565,1,0
0.99999905,9.410771e-07,0,0
0.99996245,3.7522594e-05,0,0
0.023453897,0.9765461,1,0
1.0,2.6419197e-08,0,0
1.0,8.3138114e-11,0,0
1.0,1.6430895e-11,0,0
0.98323846,0.016761567,0,0
0.7867651,0.21323496,0,0
1.0,3.7301677e-09,0,0
0.01202076,0.9879793,1,0
0.9996512,0.00034878709,0,0
0.35952678,0.6404732,1,0
1.0,7.776242e-11,0,0
0.9399578,0.06004219,0,0
1.0,1.107235e-11,0,0
1.0,2.6392442e-09,0,0
0.91192657,0.08807346,0,0
0.99954706,0.00045285877,0,0
0.99374545,0.0062545645,0,0
0.99999785,2.0915434e-06,0,0
1.0,1.0928579e-12,0,0
1.0,4.1639e-12,0,0
0.8741688,0.12583114,0,0
1.0,2.6826128e-12,0,0
1.0,5.3384306e-09,0,0
0.9991584,0.0008415691,0,0
0.99999774,2.22439e-06,0,0
0.98171496,0.018285055,0,0
0.98084867,0.019151375,0,0
0.9999999,6.584256e-08,0,0
1.0,3.437578e-09,0,0
0.8737261,0.12627389,0,0
5.187074e-11,1.0,1,0
0.99999774,2.2211766e-06,0,0
3.4759058e-08,1.0,1,0
0.44535673,0.5546432,1,0
1.4940048e-12,1.0,1,0
0.7707801,0.22921988,0,0
0.99159133,0.008408682,0,0
5.992119e-07,0.9999994,1,0
9.985164e-05,0.9999001,1,0
1.0,1.3899843e-11,0,0
1.0,2.6557018e-12,0,0
