              precision    recall  f1-score   support

           0       0.57      0.41      0.47        64
           1       0.62      0.62      0.62        64
           2       0.53      0.64      0.58        64
           3       0.79      0.66      0.72        64
           4       0.51      0.66      0.58        64
           5       0.97      0.94      0.95        64
           6       0.95      0.92      0.94        64
           7       0.66      0.72      0.69        64
           8       0.71      0.72      0.71        64
           9       0.94      0.70      0.80        64
          10       0.61      0.70      0.65        64
          11       0.77      0.89      0.83        64
          12       0.92      0.84      0.88        64
          13       0.68      0.64      0.66        64
          14       0.92      0.89      0.90        64

    accuracy                           0.73       960
   macro avg       0.74      0.73      0.73       960
weighted avg       0.74      0.73      0.73       960
