              precision    recall  f1-score   support

           0       0.31      0.47      0.37        64
           1       0.59      0.64      0.62        64
           2       0.45      0.23      0.31        64
           3       0.60      0.78      0.68        64
           4       0.56      0.08      0.14        64
           5       0.98      0.95      0.97        64
           6       0.98      0.91      0.94        64
           7       0.76      0.69      0.72        64
           8       0.50      0.66      0.57        64
           9       0.86      0.86      0.86        64
          10       0.59      0.73      0.66        64
          11       0.50      0.75      0.60        64
          12       0.97      0.94      0.95        64
          13       0.37      0.28      0.32        64
          14       0.91      0.77      0.83        64

    accuracy                           0.65       960
   macro avg       0.66      0.65      0.64       960
weighted avg       0.66      0.65      0.64       960
