              precision    recall  f1-score   support

           0       0.44      0.34      0.38        80
           1       0.56      0.59      0.57        80
           2       0.49      0.61      0.54        80
           3       0.75      0.62      0.68        80
           4       0.47      0.59      0.53        80
           5       0.96      0.88      0.92        80
           6       0.92      0.91      0.92        80
           7       0.66      0.69      0.67        80
           8       0.68      0.71      0.70        80
           9       0.91      0.66      0.77        80
          10       0.54      0.66      0.59        80
          11       0.75      0.81      0.78        80
          12       0.89      0.84      0.86        80
          13       0.66      0.59      0.62        80
          14       0.88      0.88      0.88        80

    accuracy                           0.69      1200
   macro avg       0.70      0.69      0.69      1200
weighted avg       0.70      0.69      0.69      1200
