              precision    recall  f1-score   support

           0       0.27      0.42      0.33        80
           1       0.60      0.61      0.60        80
           2       0.41      0.21      0.28        80
           3       0.53      0.71      0.61        80
           4       0.50      0.06      0.11        80
           5       0.97      0.91      0.94        80
           6       0.96      0.90      0.93        80
           7       0.67      0.68      0.67        80
           8       0.47      0.64      0.54        80
           9       0.84      0.78      0.81        80
          10       0.54      0.69      0.61        80
          11       0.44      0.64      0.52        80
          12       0.96      0.94      0.95        80
          13       0.37      0.28      0.31        80
          14       0.90      0.75      0.82        80

    accuracy                           0.61      1200
   macro avg       0.63      0.61      0.60      1200
weighted avg       0.63      0.61      0.60      1200
