              precision    recall  f1-score   support

           0       0.07      0.06      0.06        16
           1       0.37      0.44      0.40        16
           2       0.36      0.50      0.42        16
           3       0.57      0.50      0.53        16
           4       0.29      0.31      0.30        16
           5       0.91      0.62      0.74        16
           6       0.82      0.88      0.85        16
           7       0.69      0.56      0.62        16
           8       0.58      0.69      0.63        16
           9       0.80      0.50      0.62        16
          10       0.32      0.50      0.39        16
          11       0.62      0.50      0.55        16
          12       0.81      0.81      0.81        16
          13       0.55      0.38      0.44        16
          14       0.72      0.81      0.76        16

    accuracy                           0.54       240
   macro avg       0.57      0.54      0.54       240
weighted avg       0.57      0.54      0.54       240
