              precision    recall  f1-score   support

           0       0.15      0.25      0.19        16
           1       0.62      0.50      0.55        16
           2       0.25      0.12      0.17        16
           3       0.29      0.44      0.35        16
           4       0.00      0.00      0.00        16
           5       0.92      0.75      0.83        16
           6       0.88      0.88      0.88        16
           7       0.43      0.62      0.51        16
           8       0.38      0.56      0.45        16
           9       0.70      0.44      0.54        16
          10       0.36      0.50      0.42        16
          11       0.15      0.19      0.17        16
          12       0.94      0.94      0.94        16
          13       0.36      0.25      0.30        16
          14       0.85      0.69      0.76        16

    accuracy                           0.48       240
   macro avg       0.49      0.47      0.47       240
weighted avg       0.49      0.47      0.47       240
