              precision    recall  f1-score   support

           0       0.10      0.19      0.13        79
           1       0.51      0.44      0.47        87
           2       0.32      0.13      0.18        94
           3       0.34      0.50      0.41        62
           4       0.08      0.01      0.02        99
           5       0.97      0.86      0.91        70
           6       0.89      0.86      0.87        69
           7       0.49      0.44      0.46        86
           8       0.31      0.47      0.37        80
           9       0.58      0.48      0.53        75
          10       0.42      0.53      0.47        87
          11       0.26      0.47      0.33        75
          12       0.92      0.80      0.85        84
          13       0.18      0.16      0.17        74
          14       0.80      0.62      0.70        79

    accuracy                           0.45      1200
   macro avg       0.48      0.46      0.46      1200
weighted avg       0.47      0.45      0.45      1200
