              precision    recall  f1-score   support

           0       0.16      0.15      0.16        79
           1       0.32      0.37      0.34        87
           2       0.30      0.37      0.33        94
           3       0.52      0.40      0.45        62
           4       0.28      0.29      0.29        99
           5       0.91      0.74      0.82        70
           6       0.77      0.80      0.79        69
           7       0.52      0.44      0.48        86
           8       0.40      0.50      0.44        80
           9       0.77      0.48      0.59        75
          10       0.44      0.60      0.51        87
          11       0.58      0.65      0.61        75
          12       0.89      0.85      0.87        84
          13       0.40      0.34      0.37        74
          14       0.90      0.76      0.82        79

    accuracy                           0.51      1200
   macro avg       0.54      0.52      0.52      1200
weighted avg       0.53      0.51      0.51      1200
